6407	8266
7545	3016
5319	2097
9643	2061
2764	889
7581	887
4242	884
789	776
8970	668
8658	664
5263	555
9317	453
5692	440
3371	376
7189	373
1841	356
2047	320
3257	296
405	272
5625	245
6933	244
1871	242
6177	228
4833	224
8254	224
8213	214
5709	185
4796	175
2582	163
9136	163
6222	162
8765	161
206	157
238	149
6562	149
643	146
8087	145
8068	143
9252	141
7129	137
1264	135
2618	129
8703	128
4863	125
3418	121
2514	118
2338	115
2639	114
3785	112
4761	106
7869	106
1812	94
4541	94
1902	93
6144	87
8469	87
256	86
6497	82
7417	82
3099	81
4764	81
5763	81
9539	81
9853	79
2813	78
8769	78
7920	77
6186	76
6600	76
8554	75
9881	75
1700	74
9076	74
1622	73
2000	73
7724	72
6966	71
613	70
2591	69
6346	69
3343	67
2852	66
7027	66
7270	66
9601	66
5549	64
8998	64
8811	62
9327	62
3214	60
4627	60
8833	60
1962	59
5313	59
5845	59
6584	59
6091	58
8264	58
8792	58
9628	58
1115	56
1884	56
1998	56
8715	56
9989	56
3199	55
5888	55
652	54
3054	54
4331	54
7423	54
7600	54
2841	53
792	52
8927	52
9	51
759	51
981	51
1592	51
3940	51
7201	51
9715	51
1279	50
1775	50
5068	50
4013	49
839	48
2558	48
677	47
3270	47
4000	47
4594	47
6201	47
6458	47
8766	47
1574	46
2004	46
2537	46
5486	46
6990	46
3191	45
4706	45
6239	45
6075	44
6305	44
1183	43
1810	43
1880	43
2447	43
3121	43
3273	43
8904	43
9417	43
198	42
2762	42
3843	42
5367	42
602	41
607	41
8834	41
520	40
4705	40
6920	40
7232	40
8480	40
45	39
785	39
1378	39
9187	39
1526	38
1938	38
2604	38
7811	38
9510	38
1160	37
2922	37
3034	37
5418	37
6908	37
7259	37
545	36
6209	36
7062	36
7426	36
9487	36
3498	35
6356	35
7298	35
3561	34
4150	34
4274	34
9982	34
627	33
1827	33
8812	33
3408	32
3945	32
5521	32
6980	32
7643	32
9269	32
579	31
669	31
1054	31
6154	31
6549	31
8249	31
4421	30
5530	30
7588	30
8449	30
8788	30
9442	30
2877	29
3390	29
4696	29
5482	29
7519	29
5928	28
7464	28
505	27
897	27
1048	27
1128	27
1993	27
3073	27
5283	27
6578	27
6878	27
8838	27
383	26
2454	26
3238	26
3367	26
4498	26
7003	26
7727	26
8168	26
9624	26
9627	26
410	25
3063	25
4122	25
5463	25
5806	25
6111	25
7377	25
9003	25
9906	25
940	24
1999	24
2522	24
3044	24
3763	24
3780	24
7333	24
8309	24
8806	24
8974	24
9436	24
1502	23
2605	23
3253	23
3611	23
4844	23
5285	23
6303	23
6359	23
6765	23
8016	23
9527	23
9620	23
506	22
2479	22
3381	22
4037	22
6571	22
7029	22
8497	22
8572	22
9583	22
260	21
563	21
1045	21
1422	21
1501	21
2020	21
2790	21
3779	21
4196	21
4254	21
5130	21
5481	21
5604	21
5623	21
6824	21
7631	21
8877	21
9300	21
9347	21
9961	21
1036	20
1435	20
1561	20
1603	20
1658	20
1727	20
1967	20
2861	20
3173	20
3571	20
4495	20
5710	20
6189	20
7495	20
7972	20
9907	20
9941	20
487	19
1669	19
1735	19
3282	19
5314	19
5330	19
5795	19
5980	19
6372	19
6526	19
6720	19
6923	19
7115	19
7296	19
7538	19
7930	19
8528	19
8628	19
8867	19
9534	19
380	18
2451	18
2834	18
3373	18
3401	18
4230	18
4263	18
4337	18
4474	18
4699	18
5101	18
5676	18
6281	18
6478	18
6513	18
7121	18
7962	18
8608	18
8669	18
8683	18
9281	18
9940	18
348	17
463	17
640	17
1062	17
1634	17
1829	17
1986	17
2171	17
2422	17
2603	17
3960	17
4458	17
5561	17
6118	17
6121	17
6193	17
7055	17
7058	17
7271	17
7503	17
8956	17
9521	17
228	16
419	16
708	16
796	16
1449	16
1726	16
1890	16
3042	16
3128	16
3363	16
3767	16
4388	16
4702	16
4913	16
6645	16
7364	16
7399	16
7871	16
8246	16
8632	16
8975	16
8993	16
9112	16
694	15
1295	15
2223	15
2360	15
2646	15
3881	15
4224	15
5871	15
6476	15
6566	15
7064	15
7158	15
7182	15
7214	15
7636	15
7787	15
7934	15
9000	15
9294	15
9592	15
9886	15
9968	15
629	14
719	14
737	14
756	14
887	14
1060	14
1177	14
1224	14
1232	14
1382	14
1984	14
2153	14
2243	14
2453	14
2559	14
2662	14
2888	14
3815	14
4093	14
4112	14
4459	14
4773	14
4826	14
5201	14
5787	14
5987	14
6694	14
6858	14
7215	14
7359	14
7369	14
7850	14
8787	14
8855	14
9721	14
9844	14
35	13
688	13
766	13
1131	13
1594	13
2112	13
2218	13
2461	13
3129	13
3433	13
3697	13
3826	13
3978	13
4506	13
4636	13
4667	13
4813	13
5072	13
5093	13
5268	13
5398	13
5428	13
5533	13
6030	13
6086	13
6258	13
6872	13
7163	13
7223	13
7968	13
7970	13
8118	13
8227	13
8248	13
8370	13
8823	13
8825	13
8852	13
9053	13
9168	13
9414	13
9833	13
114	12
706	12
733	12
821	12
849	12
1106	12
1161	12
1342	12
1590	12
1609	12
1728	12
1761	12
1788	12
2068	12
2123	12
2302	12
2328	12
2472	12
2554	12
2583	12
3403	12
3915	12
3928	12
4090	12
5143	12
5180	12
5205	12
5254	12
5726	12
6642	12
6717	12
7137	12
7255	12
7465	12
7558	12
8712	12
8799	12
8835	12
8971	12
9022	12
9206	12
9810	12
9970	12
16	11
160	11
310	11
729	11
770	11
1016	11
1194	11
2126	11
2647	11
2697	11
2724	11
2802	11
2856	11
3119	11
3331	11
3426	11
3444	11
3568	11
3801	11
4179	11
4239	11
4284	11
4776	11
5023	11
5156	11
5340	11
5539	11
5585	11
6187	11
6629	11
6700	11
6732	11
6877	11
6882	11
7168	11
7234	11
7295	11
7692	11
7827	11
7847	11
8209	11
8293	11
8391	11
8392	11
8443	11
8456	11
8529	11
8689	11
8827	11
8848	11
8853	11
9051	11
9196	11
9240	11
9434	11
9748	11
9812	11
9947	11
117	10
516	10
569	10
626	10
738	10
745	10
801	10
837	10
921	10
1049	10
1247	10
1407	10
1748	10
1771	10
1877	10
1897	10
2088	10
2090	10
2843	10
3396	10
3492	10
3545	10
3798	10
4083	10
4608	10
4915	10
5051	10
5163	10
5458	10
5512	10
5573	10
5791	10
5798	10
6023	10
6101	10
6196	10
6436	10
6654	10
6751	10
7063	10
7192	10
7312	10
7687	10
7721	10
8061	10
8341	10
8500	10
8576	10
8946	10
9224	10
9460	10
9888	10
11	9
308	9
393	9
642	9
784	9
969	9
1000	9
1117	9
1198	9
1328	9
1430	9
1551	9
1577	9
1588	9
1701	9
1840	9
1994	9
2049	9
2089	9
2158	9
2384	9
2423	9
2593	9
2733	9
2758	9
2816	9
3118	9
3202	9
3276	9
3368	9
3473	9
3694	9
3773	9
3803	9
3847	9
4073	9
4285	9
4309	9
4323	9
4379	9
4500	9
4629	9
4899	9
4926	9
5258	9
5404	9
5718	9
5780	9
5891	9
5918	9
6015	9
6168	9
6412	9
6538	9
6632	9
6760	9
6848	9
6874	9
6904	9
6915	9
6945	9
6953	9
7005	9
7208	9
7235	9
7403	9
7421	9
7535	9
7595	9
7622	9
7628	9
7833	9
8437	9
8605	9
8673	9
8754	9
8907	9
9074	9
9167	9
9177	9
9443	9
9538	9
9567	9
9602	9
9926	9
9932	9
151	8
175	8
268	8
570	8
634	8
875	8
1023	8
1038	8
1171	8
1221	8
1485	8
1583	8
1667	8
1676	8
1794	8
2056	8
2181	8
2189	8
2377	8
2406	8
2778	8
2957	8
3014	8
3364	8
3378	8
3579	8
3667	8
3762	8
4053	8
4167	8
4183	8
4227	8
4229	8
4593	8
4646	8
4869	8
4924	8
5061	8
5116	8
5499	8
5674	8
5701	8
5745	8
5856	8
5923	8
5953	8
6085	8
6254	8
6311	8
6321	8
6339	8
6421	8
6541	8
6714	8
6846	8
7228	8
7256	8
7371	8
7656	8
7677	8
7680	8
7696	8
7699	8
7704	8
7829	8
7880	8
7907	8
7936	8
7971	8
8001	8
8102	8
8104	8
8250	8
8321	8
8369	8
8373	8
8378	8
8499	8
8536	8
8588	8
8686	8
9023	8
9242	8
9261	8
9321	8
9353	8
9493	8
9568	8
9652	8
9718	8
9765	8
9805	8
9928	8
33	7
205	7
315	7
354	7
363	7
457	7
610	7
813	7
980	7
1094	7
1192	7
1197	7
1229	7
1418	7
1729	7
1868	7
1966	7
2106	7
2115	7
2255	7
2290	7
2350	7
2419	7
2470	7
2574	7
2580	7
2600	7
2614	7
2627	7
2746	7
2947	7
3093	7
3123	7
3192	7
3217	7
3234	7
3668	7
3681	7
3745	7
3746	7
3839	7
3862	7
3965	7
4287	7
4403	7
4410	7
4466	7
4496	7
4714	7
4870	7
4981	7
5038	7
5057	7
5441	7
5478	7
5538	7
5708	7
5799	7
5964	7
6223	7
6313	7
6358	7
6544	7
6574	7
6674	7
6731	7
6763	7
6863	7
6903	7
6999	7
7070	7
7073	7
7231	7
7361	7
7561	7
7642	7
7698	7
7725	7
7769	7
8060	7
8384	7
8482	7
8485	7
8489	7
8550	7
8644	7
8701	7
8868	7
8891	7
9015	7
9036	7
9042	7
9103	7
9107	7
9265	7
9351	7
9363	7
9382	7
9411	7
9626	7
9699	7
9772	7
9798	7
9859	7
9937	7
9964	7
9980	7
90	6
224	6
414	6
540	6
689	6
860	6
893	6
910	6
924	6
939	6
1162	6
1278	6
1286	6
1287	6
1512	6
1607	6
1614	6
1652	6
1699	6
1705	6
1923	6
1953	6
1971	6
2011	6
2022	6
2200	6
2232	6
2337	6
2343	6
2484	6
2611	6
2806	6
2822	6
2845	6
2951	6
2996	6
3116	6
3200	6
3280	6
3296	6
3303	6
3309	6
3369	6
3395	6
3405	6
3484	6
3504	6
3521	6
3546	6
3583	6
3656	6
3662	6
3738	6
3758	6
3811	6
3831	6
3841	6
3950	6
3969	6
4108	6
4158	6
4209	6
4234	6
4241	6
4248	6
4295	6
4300	6
4326	6
4336	6
4483	6
4488	6
4590	6
4634	6
4724	6
4729	6
4857	6
4866	6
4956	6
4966	6
5022	6
5119	6
5139	6
5144	6
5147	6
5158	6
5196	6
5244	6
5311	6
5359	6
5364	6
5396	6
5535	6
5616	6
5617	6
5653	6
5663	6
5695	6
5756	6
5849	6
5858	6
5872	6
5878	6
5898	6
6038	6
6061	6
6100	6
6122	6
6137	6
6171	6
6336	6
6344	6
6363	6
6370	6
6384	6
6417	6
6418	6
6460	6
6519	6
6545	6
6719	6
6742	6
6816	6
7025	6
7075	6
7207	6
7302	6
7501	6
7525	6
7546	6
7582	6
7602	6
7626	6
7640	6
7705	6
7733	6
7735	6
7780	6
7900	6
7955	6
8008	6
8045	6
8142	6
8144	6
8156	6
8218	6
8225	6
8286	6
8291	6
8318	6
8454	6
8460	6
8555	6
8693	6
8723	6
8737	6
8872	6
8875	6
8949	6
8960	6
9104	6
9116	6
9143	6
9184	6
9225	6
9245	6
9259	6
9271	6
9313	6
9333	6
9390	6
9469	6
9482	6
9524	6
9597	6
9609	6
9703	6
9750	6
9792	6
9885	6
9975	6
9992	6
44	5
80	5
83	5
135	5
179	5
207	5
217	5
242	5
269	5
314	5
368	5
396	5
402	5
426	5
508	5
628	5
650	5
654	5
655	5
724	5
740	5
765	5
811	5
826	5
847	5
867	5
922	5
931	5
950	5
955	5
994	5
995	5
1035	5
1067	5
1193	5
1226	5
1238	5
1262	5
1290	5
1292	5
1350	5
1386	5
1398	5
1405	5
1437	5
1511	5
1538	5
1544	5
1550	5
1579	5
1638	5
1697	5
1710	5
1713	5
1736	5
1737	5
1766	5
1801	5
1832	5
1836	5
1925	5
2043	5
2048	5
2050	5
2100	5
2120	5
2231	5
2262	5
2294	5
2323	5
2349	5
2358	5
2411	5
2436	5
2609	5
2636	5
2787	5
2807	5
2896	5
2913	5
2918	5
2960	5
2983	5
3046	5
3059	5
3069	5
3133	5
3168	5
3195	5
3201	5
3255	5
3261	5
3334	5
3345	5
3386	5
3406	5
3438	5
3454	5
3479	5
3525	5
3553	5
3602	5
3643	5
3663	5
3707	5
3744	5
3792	5
3800	5
3802	5
3816	5
3868	5
3910	5
3954	5
3983	5
4171	5
4173	5
4177	5
4182	5
4187	5
4243	5
4262	5
4306	5
4316	5
4324	5
4398	5
4471	5
4472	5
4511	5
4544	5
4562	5
4599	5
4626	5
4663	5
4784	5
4808	5
4856	5
4877	5
4884	5
4908	5
4983	5
5123	5
5124	5
5150	5
5219	5
5220	5
5262	5
5346	5
5379	5
5389	5
5405	5
5454	5
5498	5
5537	5
5590	5
5656	5
5671	5
5681	5
5746	5
5750	5
5771	5
5794	5
5817	5
5832	5
5836	5
5842	5
5955	5
5961	5
6021	5
6113	5
6124	5
6191	5
6236	5
6286	5
6354	5
6453	5
6491	5
6494	5
6560	5
6567	5
6655	5
6690	5
6696	5
6698	5
6773	5
6791	5
6829	5
6842	5
6885	5
7059	5
7111	5
7113	5
7122	5
7239	5
7266	5
7326	5
7339	5
7342	5
7360	5
7447	5
7455	5
7709	5
7807	5
7848	5
7852	5
7953	5
7964	5
8036	5
8099	5
8173	5
8233	5
8296	5
8390	5
8446	5
8471	5
8517	5
8551	5
8552	5
8606	5
8621	5
8631	5
8634	5
8651	5
8691	5
8706	5
8752	5
8779	5
8805	5
8819	5
8832	5
8918	5
8950	5
9111	5
9126	5
9132	5
9211	5
9314	5
9330	5
9405	5
9412	5
9457	5
9461	5
9472	5
9502	5
9504	5
9549	5
9556	5
9566	5
9704	5
9707	5
9759	5
9797	5
9884	5
9902	5
9922	5
9948	5
3	4
13	4
19	4
82	4
98	4
112	4
115	4
131	4
170	4
274	4
297	4
325	4
375	4
395	4
398	4
421	4
435	4
448	4
536	4
543	4
573	4
578	4
585	4
645	4
697	4
709	4
711	4
814	4
855	4
856	4
868	4
877	4
926	4
953	4
956	4
1003	4
1084	4
1120	4
1123	4
1145	4
1146	4
1267	4
1270	4
1273	4
1275	4
1361	4
1416	4
1441	4
1443	4
1518	4
1617	4
1624	4
1646	4
1647	4
1677	4
1691	4
1694	4
1746	4
1783	4
1814	4
1833	4
1834	4
1837	4
1908	4
1936	4
1980	4
2014	4
2017	4
2052	4
2066	4
2082	4
2114	4
2137	4
2139	4
2168	4
2175	4
2183	4
2226	4
2259	4
2273	4
2274	4
2295	4
2312	4
2335	4
2346	4
2354	4
2355	4
2386	4
2398	4
2587	4
2602	4
2610	4
2648	4
2650	4
2698	4
2706	4
2740	4
2783	4
2824	4
2829	4
2865	4
2900	4
2910	4
2946	4
2948	4
2963	4
2995	4
3051	4
3071	4
3106	4
3122	4
3166	4
3185	4
3221	4
3243	4
3266	4
3313	4
3352	4
3457	4
3459	4
3465	4
3493	4
3506	4
3507	4
3542	4
3552	4
3567	4
3582	4
3592	4
3594	4
3638	4
3703	4
3741	4
3756	4
3787	4
3796	4
3882	4
3902	4
3918	4
3938	4
3942	4
4021	4
4022	4
4033	4
4059	4
4084	4
4088	4
4096	4
4107	4
4164	4
4251	4
4253	4
4280	4
4351	4
4393	4
4423	4
4426	4
4539	4
4641	4
4660	4
4690	4
4728	4
4733	4
4746	4
4760	4
4763	4
4839	4
4840	4
4848	4
4849	4
4906	4
4925	4
5053	4
5063	4
5100	4
5136	4
5137	4
5181	4
5217	4
5228	4
5232	4
5240	4
5259	4
5271	4
5360	4
5399	4
5442	4
5448	4
5461	4
5504	4
5544	4
5550	4
5579	4
5584	4
5594	4
5595	4
5606	4
5614	4
5627	4
5638	4
5684	4
5722	4
5737	4
5766	4
5779	4
5782	4
5839	4
5951	4
6073	4
6079	4
6105	4
6106	4
6114	4
6117	4
6138	4
6159	4
6164	4
6173	4
6252	4
6261	4
6288	4
6309	4
6317	4
6318	4
6371	4
6375	4
6443	4
6472	4
6505	4
6592	4
6601	4
6639	4
6643	4
6648	4
6659	4
6663	4
6704	4
6727	4
6854	4
6865	4
6949	4
6978	4
6991	4
6992	4
7014	4
7040	4
7047	4
7081	4
7120	4
7277	4
7301	4
7356	4
7375	4
7422	4
7439	4
7456	4
7475	4
7504	4
7508	4
7518	4
7541	4
7603	4
7777	4
7819	4
7845	4
7857	4
7861	4
7875	4
7905	4
7954	4
7961	4
7974	4
7987	4
7999	4
8012	4
8017	4
8031	4
8039	4
8054	4
8100	4
8101	4
8117	4
8119	4
8121	4
8125	4
8128	4
8149	4
8195	4
8198	4
8201	4
8221	4
8224	4
8240	4
8243	4
8302	4
8313	4
8332	4
8361	4
8380	4
8396	4
8406	4
8432	4
8461	4
8467	4
8504	4
8522	4
8548	4
8578	4
8580	4
8597	4
8633	4
8694	4
8713	4
8744	4
8822	4
8829	4
8871	4
8931	4
8969	4
8981	4
8982	4
9002	4
9006	4
9027	4
9033	4
9037	4
9040	4
9043	4
9049	4
9086	4
9092	4
9128	4
9149	4
9229	4
9253	4
9256	4
9266	4
9273	4
9290	4
9305	4
9325	4
9349	4
9385	4
9389	4
9449	4
9456	4
9501	4
9503	4
9573	4
9575	4
9598	4
9608	4
9618	4
9619	4
9673	4
9695	4
9702	4
9717	4
9736	4
9767	4
9795	4
9822	4
9852	4
9861	4
9916	4
9935	4
28	3
36	3
70	3
79	3
92	3
103	3
120	3
130	3
148	3
155	3
177	3
184	3
208	3
225	3
226	3
231	3
245	3
250	3
252	3
263	3
277	3
282	3
283	3
309	3
333	3
344	3
357	3
366	3
379	3
389	3
406	3
424	3
436	3
441	3
454	3
461	3
470	3
499	3
521	3
532	3
535	3
546	3
572	3
582	3
624	3
651	3
726	3
749	3
751	3
754	3
760	3
772	3
774	3
780	3
793	3
806	3
824	3
845	3
850	3
862	3
865	3
925	3
934	3
1025	3
1031	3
1039	3
1061	3
1063	3
1069	3
1102	3
1108	3
1129	3
1133	3
1138	3
1139	3
1155	3
1163	3
1174	3
1210	3
1219	3
1220	3
1236	3
1237	3
1249	3
1281	3
1298	3
1307	3
1312	3
1335	3
1337	3
1352	3
1383	3
1400	3
1402	3
1409	3
1423	3
1461	3
1472	3
1473	3
1503	3
1505	3
1514	3
1516	3
1525	3
1546	3
1560	3
1576	3
1585	3
1589	3
1601	3
1612	3
1630	3
1651	3
1709	3
1711	3
1721	3
1739	3
1747	3
1774	3
1800	3
1806	3
1825	3
1828	3
1845	3
1846	3
1853	3
1876	3
1891	3
1945	3
1951	3
1959	3
1989	3
2001	3
2002	3
2025	3
2036	3
2045	3
2083	3
2091	3
2093	3
2121	3
2148	3
2149	3
2154	3
2163	3
2177	3
2211	3
2281	3
2300	3
2301	3
2307	3
2324	3
2330	3
2331	3
2340	3
2367	3
2380	3
2429	3
2434	3
2437	3
2494	3
2512	3
2519	3
2521	3
2532	3
2538	3
2564	3
2573	3
2577	3
2601	3
2626	3
2628	3
2659	3
2660	3
2679	3
2680	3
2688	3
2692	3
2699	3
2721	3
2723	3
2738	3
2753	3
2759	3
2794	3
2805	3
2820	3
2823	3
2868	3
2942	3
2967	3
2990	3
3002	3
3026	3
3047	3
3067	3
3075	3
3078	3
3104	3
3124	3
3186	3
3196	3
3208	3
3219	3
3251	3
3299	3
3324	3
3337	3
3356	3
3360	3
3374	3
3409	3
3451	3
3466	3
3470	3
3480	3
3511	3
3517	3
3523	3
3536	3
3572	3
3598	3
3600	3
3604	3
3605	3
3626	3
3628	3
3676	3
3701	3
3714	3
3716	3
3721	3
3728	3
3737	3
3742	3
3814	3
3819	3
3823	3
3832	3
3846	3
3880	3
3884	3
3920	3
3925	3
3927	3
3934	3
3935	3
3970	3
3992	3
3994	3
3997	3
4017	3
4025	3
4032	3
4039	3
4071	3
4074	3
4132	3
4181	3
4184	3
4192	3
4201	3
4207	3
4208	3
4214	3
4223	3
4343	3
4348	3
4383	3
4402	3
4404	3
4406	3
4407	3
4409	3
4419	3
4422	3
4432	3
4443	3
4456	3
4467	3
4469	3
4477	3
4504	3
4537	3
4540	3
4546	3
4548	3
4549	3
4591	3
4619	3
4624	3
4625	3
4673	3
4685	3
4689	3
4695	3
4698	3
4704	3
4722	3
4727	3
4736	3
4740	3
4750	3
4777	3
4797	3
4798	3
4809	3
4825	3
4834	3
4843	3
4861	3
4868	3
4897	3
4910	3
4918	3
4927	3
4931	3
4939	3
4947	3
4954	3
4957	3
4987	3
5065	3
5086	3
5095	3
5107	3
5112	3
5114	3
5125	3
5132	3
5135	3
5148	3
5155	3
5184	3
5191	3
5194	3
5238	3
5250	3
5256	3
5286	3
5295	3
5312	3
5326	3
5342	3
5351	3
5363	3
5377	3
5387	3
5402	3
5408	3
5410	3
5416	3
5425	3
5451	3
5456	3
5475	3
5483	3
5497	3
5517	3
5520	3
5525	3
5532	3
5553	3
5557	3
5563	3
5574	3
5578	3
5583	3
5587	3
5598	3
5630	3
5648	3
5649	3
5655	3
5689	3
5706	3
5734	3
5744	3
5747	3
5767	3
5810	3
5812	3
5814	3
5844	3
5851	3
5869	3
5884	3
5890	3
5902	3
5916	3
5921	3
5925	3
5945	3
5957	3
5962	3
5988	3
6006	3
6024	3
6027	3
6032	3
6049	3
6077	3
6078	3
6090	3
6123	3
6134	3
6141	3
6143	3
6157	3
6162	3
6167	3
6169	3
6181	3
6185	3
6192	3
6205	3
6210	3
6219	3
6243	3
6257	3
6259	3
6300	3
6306	3
6323	3
6327	3
6343	3
6348	3
6395	3
6409	3
6411	3
6415	3
6430	3
6465	3
6507	3
6536	3
6565	3
6587	3
6618	3
6649	3
6668	3
6672	3
6676	3
6688	3
6702	3
6712	3
6754	3
6774	3
6777	3
6795	3
6812	3
6815	3
6823	3
6831	3
6847	3
6864	3
6869	3
6891	3
6893	3
6895	3
6905	3
6913	3
6926	3
6931	3
6947	3
6954	3
6961	3
7001	3
7037	3
7050	3
7088	3
7130	3
7139	3
7150	3
7167	3
7181	3
7191	3
7227	3
7261	3
7264	3
7272	3
7276	3
7287	3
7306	3
7309	3
7315	3
7327	3
7343	3
7427	3
7430	3
7450	3
7459	3
7461	3
7467	3
7470	3
7473	3
7479	3
7485	3
7505	3
7528	3
7562	3
7586	3
7593	3
7634	3
7645	3
7653	3
7681	3
7684	3
7685	3
7688	3
7690	3
7752	3
7761	3
7773	3
7790	3
7808	3
7815	3
7834	3
7863	3
7883	3
7894	3
7914	3
7926	3
7945	3
7966	3
7975	3
7992	3
7994	3
7997	3
8003	3
8004	3
8037	3
8055	3
8065	3
8095	3
8096	3
8120	3
8129	3
8134	3
8135	3
8161	3
8166	3
8197	3
8205	3
8207	3
8242	3
8262	3
8263	3
8270	3
8303	3
8333	3
8350	3
8358	3
8394	3
8397	3
8419	3
8423	3
8439	3
8440	3
8457	3
8483	3
8492	3
8495	3
8496	3
8526	3
8564	3
8570	3
8601	3
8625	3
8626	3
8657	3
8672	3
8675	3
8680	3
8695	3
8700	3
8702	3
8709	3
8736	3
8756	3
8783	3
8793	3
8813	3
8817	3
8841	3
8887	3
8894	3
8897	3
8910	3
8913	3
8920	3
8928	3
8930	3
8935	3
8937	3
8954	3
8963	3
8994	3
9045	3
9052	3
9075	3
9077	3
9080	3
9088	3
9109	3
9120	3
9131	3
9135	3
9155	3
9158	3
9165	3
9172	3
9186	3
9194	3
9197	3
9200	3
9201	3
9222	3
9238	3
9246	3
9249	3
9264	3
9278	3
9289	3
9340	3
9344	3
9381	3
9395	3
9408	3
9480	3
9484	3
9485	3
9495	3
9500	3
9520	3
9530	3
9532	3
9552	3
9587	3
9604	3
9636	3
9639	3
9655	3
9683	3
9693	3
9714	3
9730	3
9746	3
9757	3
9760	3
9820	3
9831	3
9837	3
9846	3
9857	3
9874	3
9879	3
9882	3
9887	3
9897	3
9913	3
9918	3
9942	3
9973	3
9993	3
1	2
2	2
6	2
14	2
15	2
17	2
21	2
58	2
64	2
69	2
72	2
74	2
81	2
84	2
88	2
91	2
99	2
100	2
102	2
104	2
106	2
107	2
127	2
134	2
139	2
149	2
150	2
153	2
154	2
157	2
159	2
165	2
167	2
173	2
192	2
202	2
204	2
209	2
212	2
221	2
222	2
223	2
227	2
239	2
247	2
249	2
255	2
259	2
261	2
264	2
288	2
291	2
292	2
303	2
304	2
305	2
311	2
316	2
323	2
324	2
334	2
351	2
352	2
353	2
356	2
358	2
364	2
365	2
369	2
370	2
371	2
373	2
374	2
378	2
381	2
390	2
391	2
401	2
412	2
431	2
443	2
451	2
460	2
471	2
475	2
480	2
486	2
494	2
495	2
501	2
502	2
504	2
510	2
511	2
518	2
524	2
527	2
530	2
541	2
551	2
571	2
574	2
580	2
587	2
595	2
601	2
606	2
636	2
639	2
667	2
668	2
679	2
690	2
695	2
696	2
722	2
725	2
728	2
730	2
731	2
735	2
736	2
750	2
752	2
753	2
761	2
775	2
777	2
779	2
795	2
803	2
810	2
816	2
819	2
820	2
829	2
835	2
844	2
848	2
852	2
853	2
857	2
870	2
873	2
879	2
884	2
885	2
886	2
888	2
915	2
917	2
919	2
933	2
937	2
941	2
942	2
944	2
947	2
957	2
961	2
972	2
973	2
974	2
983	2
985	2
987	2
998	2
999	2
1001	2
1012	2
1015	2
1032	2
1041	2
1046	2
1050	2
1056	2
1059	2
1065	2
1072	2
1073	2
1078	2
1080	2
1086	2
1098	2
1104	2
1107	2
1112	2
1113	2
1122	2
1142	2
1150	2
1156	2
1157	2
1158	2
1164	2
1167	2
1168	2
1170	2
1172	2
1176	2
1182	2
1186	2
1191	2
1199	2
1203	2
1212	2
1240	2
1242	2
1244	2
1246	2
1252	2
1253	2
1256	2
1268	2
1269	2
1271	2
1274	2
1277	2
1283	2
1291	2
1293	2
1303	2
1308	2
1311	2
1319	2
1320	2
1322	2
1325	2
1341	2
1353	2
1357	2
1362	2
1363	2
1364	2
1370	2
1372	2
1377	2
1381	2
1390	2
1392	2
1397	2
1410	2
1414	2
1417	2
1421	2
1426	2
1438	2
1439	2
1445	2
1453	2
1462	2
1476	2
1481	2
1483	2
1498	2
1519	2
1527	2
1534	2
1537	2
1540	2
1565	2
1580	2
1581	2
1584	2
1593	2
1597	2
1604	2
1610	2
1611	2
1613	2
1621	2
1627	2
1629	2
1648	2
1653	2
1654	2
1675	2
1686	2
1688	2
1689	2
1695	2
1704	2
1706	2
1708	2
1717	2
1725	2
1730	2
1734	2
1756	2
1757	2
1762	2
1764	2
1769	2
1776	2
1785	2
1786	2
1797	2
1823	2
1854	2
1855	2
1858	2
1864	2
1874	2
1875	2
1887	2
1894	2
1899	2
1904	2
1907	2
1909	2
1911	2
1917	2
1920	2
1924	2
1927	2
1934	2
1939	2
1942	2
1948	2
1949	2
1950	2
1969	2
1974	2
1975	2
1976	2
1987	2
1992	2
2009	2
2016	2
2018	2
2023	2
2024	2
2027	2
2035	2
2037	2
2055	2
2058	2
2070	2
2077	2
2080	2
2097	2
2107	2
2108	2
2110	2
2118	2
2125	2
2129	2
2138	2
2150	2
2152	2
2157	2
2162	2
2165	2
2173	2
2180	2
2187	2
2192	2
2193	2
2196	2
2199	2
2210	2
2213	2
2225	2
2253	2
2254	2
2257	2
2258	2
2260	2
2263	2
2288	2
2289	2
2291	2
2296	2
2298	2
2304	2
2309	2
2314	2
2317	2
2318	2
2321	2
2325	2
2348	2
2363	2
2366	2
2408	2
2425	2
2426	2
2432	2
2435	2
2442	2
2446	2
2467	2
2469	2
2483	2
2488	2
2504	2
2505	2
2509	2
2511	2
2516	2
2524	2
2529	2
2531	2
2533	2
2543	2
2549	2
2551	2
2553	2
2555	2
2556	2
2557	2
2561	2
2567	2
2570	2
2607	2
2608	2
2617	2
2620	2
2629	2
2634	2
2638	2
2645	2
2663	2
2667	2
2673	2
2675	2
2678	2
2681	2
2684	2
2689	2
2712	2
2731	2
2748	2
2749	2
2752	2
2755	2
2756	2
2761	2
2765	2
2774	2
2780	2
2781	2
2785	2
2795	2
2797	2
2799	2
2801	2
2809	2
2814	2
2831	2
2832	2
2836	2
2846	2
2859	2
2862	2
2863	2
2870	2
2907	2
2908	2
2912	2
2914	2
2915	2
2917	2
2924	2
2928	2
2929	2
2931	2
2940	2
2943	2
2959	2
2962	2
2971	2
2972	2
2981	2
2985	2
2987	2
2988	2
2994	2
3010	2
3020	2
3024	2
3025	2
3031	2
3036	2
3061	2
3085	2
3086	2
3101	2
3105	2
3107	2
3113	2
3136	2
3141	2
3153	2
3154	2
3155	2
3156	2
3170	2
3206	2
3207	2
3218	2
3220	2
3222	2
3226	2
3229	2
3233	2
3236	2
3237	2
3239	2
3241	2
3242	2
3245	2
3252	2
3254	2
3256	2
3258	2
3264	2
3265	2
3271	2
3281	2
3284	2
3285	2
3286	2
3287	2
3288	2
3298	2
3304	2
3320	2
3333	2
3342	2
3349	2
3351	2
3353	2
3358	2
3362	2
3376	2
3407	2
3413	2
3420	2
3421	2
3425	2
3432	2
3436	2
3441	2
3442	2
3460	2
3461	2
3462	2
3468	2
3471	2
3474	2
3477	2
3481	2
3491	2
3494	2
3501	2
3510	2
3514	2
3529	2
3530	2
3533	2
3534	2
3541	2
3547	2
3556	2
3565	2
3570	2
3581	2
3587	2
3588	2
3590	2
3591	2
3596	2
3603	2
3609	2
3610	2
3622	2
3633	2
3637	2
3645	2
3646	2
3648	2
3649	2
3655	2
3657	2
3659	2
3669	2
3674	2
3679	2
3680	2
3682	2
3683	2
3688	2
3689	2
3708	2
3718	2
3730	2
3747	2
3750	2
3751	2
3755	2
3761	2
3769	2
3781	2
3784	2
3790	2
3794	2
3799	2
3808	2
3812	2
3818	2
3821	2
3825	2
3833	2
3838	2
3855	2
3874	2
3885	2
3894	2
3895	2
3899	2
3904	2
3907	2
3922	2
3929	2
3933	2
3947	2
3958	2
3959	2
3961	2
3962	2
3963	2
3967	2
3968	2
3972	2
3973	2
3974	2
3982	2
3989	2
3991	2
4007	2
4041	2
4046	2
4055	2
4064	2
4067	2
4081	2
4087	2
4097	2
4099	2
4101	2
4104	2
4114	2
4116	2
4117	2
4136	2
4139	2
4141	2
4142	2
4159	2
4175	2
4176	2
4186	2
4205	2
4211	2
4215	2
4220	2
4221	2
4237	2
4240	2
4244	2
4260	2
4261	2
4269	2
4275	2
4298	2
4301	2
4302	2
4313	2
4315	2
4325	2
4327	2
4335	2
4344	2
4349	2
4353	2
4370	2
4374	2
4381	2
4389	2
4400	2
4408	2
4411	2
4414	2
4415	2
4416	2
4418	2
4420	2
4428	2
4435	2
4436	2
4437	2
4442	2
4447	2
4454	2
4460	2
4465	2
4476	2
4481	2
4497	2
4509	2
4516	2
4517	2
4518	2
4526	2
4536	2
4551	2
4559	2
4561	2
4565	2
4573	2
4577	2
4582	2
4588	2
4592	2
4597	2
4603	2
4607	2
4611	2
4618	2
4620	2
4635	2
4637	2
4638	2
4652	2
4653	2
4661	2
4669	2
4680	2
4686	2
4687	2
4710	2
4718	2
4741	2
4744	2
4747	2
4749	2
4755	2
4757	2
4758	2
4781	2
4788	2
4795	2
4799	2
4806	2
4819	2
4822	2
4838	2
4858	2
4865	2
4867	2
4876	2
4878	2
4880	2
4886	2
4887	2
4888	2
4896	2
4901	2
4903	2
4904	2
4909	2
4911	2
4920	2
4960	2
4961	2
4963	2
4965	2
4967	2
4977	2
4982	2
4985	2
4997	2
4999	2
5002	2
5012	2
5015	2
5017	2
5019	2
5030	2
5037	2
5049	2
5052	2
5055	2
5085	2
5092	2
5102	2
5105	2
5126	2
5129	2
5141	2
5154	2
5159	2
5160	2
5168	2
5169	2
5172	2
5173	2
5174	2
5186	2
5190	2
5195	2
5197	2
5221	2
5226	2
5231	2
5233	2
5245	2
5248	2
5252	2
5255	2
5265	2
5266	2
5276	2
5290	2
5291	2
5292	2
5297	2
5300	2
5301	2
5304	2
5309	2
5317	2
5329	2
5336	2
5344	2
5347	2
5349	2
5350	2
5352	2
5353	2
5358	2
5365	2
5366	2
5373	2
5375	2
5380	2
5381	2
5386	2
5390	2
5403	2
5413	2
5414	2
5419	2
5423	2
5424	2
5426	2
5431	2
5435	2
5436	2
5438	2
5457	2
5467	2
5480	2
5489	2
5495	2
5501	2
5513	2
5518	2
5527	2
5545	2
5546	2
5554	2
5559	2
5562	2
5570	2
5605	2
5607	2
5609	2
5613	2
5618	2
5621	2
5622	2
5624	2
5626	2
5628	2
5629	2
5631	2
5637	2
5678	2
5679	2
5688	2
5699	2
5700	2
5704	2
5705	2
5712	2
5715	2
5716	2
5740	2
5741	2
5742	2
5755	2
5761	2
5762	2
5768	2
5769	2
5788	2
5807	2
5809	2
5828	2
5843	2
5859	2
5862	2
5863	2
5865	2
5868	2
5876	2
5882	2
5887	2
5907	2
5922	2
5924	2
5927	2
5933	2
5934	2
5935	2
5939	2
5940	2
5941	2
5954	2
5956	2
5968	2
5970	2
5971	2
5973	2
5978	2
5985	2
5996	2
6000	2
6004	2
6010	2
6016	2
6017	2
6029	2
6033	2
6034	2
6037	2
6044	2
6046	2
6047	2
6048	2
6056	2
6057	2
6062	2
6071	2
6074	2
6080	2
6082	2
6097	2
6102	2
6109	2
6110	2
6125	2
6132	2
6148	2
6156	2
6160	2
6165	2
6176	2
6203	2
6207	2
6208	2
6211	2
6220	2
6228	2
6244	2
6265	2
6271	2
6275	2
6285	2
6287	2
6298	2
6304	2
6308	2
6316	2
6330	2
6332	2
6345	2
6349	2
6361	2
6377	2
6382	2
6387	2
6388	2
6391	2
6396	2
6402	2
6403	2
6406	2
6422	2
6426	2
6447	2
6449	2
6450	2
6451	2
6462	2
6466	2
6470	2
6474	2
6477	2
6480	2
6484	2
6490	2
6506	2
6509	2
6510	2
6515	2
6529	2
6530	2
6542	2
6546	2
6547	2
6548	2
6550	2
6551	2
6552	2
6556	2
6561	2
6572	2
6576	2
6582	2
6590	2
6594	2
6627	2
6635	2
6651	2
6653	2
6675	2
6695	2
6699	2
6703	2
6708	2
6709	2
6710	2
6715	2
6735	2
6744	2
6746	2
6749	2
6762	2
6766	2
6771	2
6772	2
6782	2
6786	2
6787	2
6789	2
6798	2
6801	2
6805	2
6818	2
6821	2
6827	2
6836	2
6838	2
6843	2
6870	2
6873	2
6876	2
6879	2
6890	2
6916	2
6917	2
6919	2
6922	2
6927	2
6948	2
6958	2
6962	2
6968	2
6970	2
6985	2
6989	2
6993	2
7008	2
7012	2
7016	2
7028	2
7034	2
7036	2
7039	2
7041	2
7043	2
7044	2
7046	2
7048	2
7056	2
7065	2
7069	2
7079	2
7083	2
7086	2
7104	2
7118	2
7125	2
7140	2
7143	2
7153	2
7155	2
7170	2
7172	2
7177	2
7185	2
7195	2
7197	2
7202	2
7203	2
7206	2
7209	2
7211	2
7213	2
7216	2
7219	2
7221	2
7222	2
7242	2
7243	2
7248	2
7250	2
7251	2
7254	2
7263	2
7303	2
7308	2
7314	2
7329	2
7330	2
7331	2
7332	2
7336	2
7337	2
7348	2
7358	2
7366	2
7367	2
7379	2
7380	2
7382	2
7389	2
7393	2
7414	2
7418	2
7419	2
7425	2
7428	2
7431	2
7441	2
7443	2
7449	2
7454	2
7457	2
7460	2
7469	2
7472	2
7480	2
7484	2
7488	2
7496	2
7511	2
7514	2
7515	2
7522	2
7523	2
7527	2
7530	2
7534	2
7536	2
7539	2
7553	2
7567	2
7568	2
7571	2
7574	2
7577	2
7596	2
7606	2
7620	2
7621	2
7624	2
7632	2
7655	2
7657	2
7661	2
7662	2
7667	2
7670	2
7671	2
7691	2
7693	2
7694	2
7697	2
7703	2
7719	2
7746	2
7749	2
7756	2
7779	2
7781	2
7782	2
7796	2
7804	2
7805	2
7812	2
7817	2
7822	2
7835	2
7836	2
7851	2
7856	2
7858	2
7859	2
7877	2
7878	2
7879	2
7884	2
7888	2
7892	2
7896	2
7898	2
7899	2
7906	2
7909	2
7911	2
7917	2
7924	2
7925	2
7932	2
7935	2
7939	2
7940	2
7943	2
7946	2
7958	2
7960	2
7973	2
7991	2
7998	2
8009	2
8013	2
8020	2
8030	2
8032	2
8043	2
8049	2
8050	2
8059	2
8069	2
8073	2
8078	2
8080	2
8082	2
8083	2
8094	2
8097	2
8098	2
8108	2
8111	2
8126	2
8136	2
8138	2
8147	2
8151	2
8153	2
8155	2
8163	2
8169	2
8178	2
8183	2
8188	2
8216	2
8222	2
8223	2
8226	2
8231	2
8232	2
8236	2
8251	2
8259	2
8266	2
8274	2
8276	2
8277	2
8297	2
8308	2
8314	2
8315	2
8320	2
8325	2
8327	2
8338	2
8339	2
8342	2
8344	2
8347	2
8349	2
8362	2
8374	2
8376	2
8383	2
8385	2
8393	2
8400	2
8415	2
8430	2
8444	2
8462	2
8472	2
8475	2
8491	2
8494	2
8503	2
8511	2
8518	2
8525	2
8534	2
8560	2
8563	2
8568	2
8577	2
8581	2
8583	2
8584	2
8589	2
8592	2
8600	2
8609	2
8615	2
8619	2
8641	2
8642	2
8650	2
8653	2
8663	2
8666	2
8678	2
8682	2
8690	2
8728	2
8729	2
8732	2
8733	2
8759	2
8762	2
8764	2
8773	2
8776	2
8778	2
8785	2
8790	2
8809	2
8831	2
8836	2
8837	2
8840	2
8843	2
8854	2
8861	2
8862	2
8873	2
8879	2
8881	2
8884	2
8916	2
8926	2
8933	2
8940	2
8943	2
8944	2
8948	2
8953	2
8962	2
8968	2
8972	2
8978	2
8988	2
8990	2
8995	2
9001	2
9005	2
9017	2
9024	2
9026	2
9035	2
9041	2
9048	2
9058	2
9059	2
9061	2
9093	2
9095	2
9099	2
9102	2
9106	2
9118	2
9123	2
9129	2
9133	2
9163	2
9164	2
9179	2
9189	2
9195	2
9203	2
9205	2
9207	2
9208	2
9210	2
9217	2
9236	2
9237	2
9247	2
9258	2
9260	2
9262	2
9263	2
9272	2
9276	2
9280	2
9287	2
9296	2
9299	2
9302	2
9303	2
9307	2
9310	2
9337	2
9339	2
9342	2
9348	2
9361	2
9362	2
9364	2
9365	2
9367	2
9377	2
9398	2
9406	2
9409	2
9410	2
9418	2
9422	2
9424	2
9427	2
9444	2
9445	2
9450	2
9451	2
9476	2
9477	2
9483	2
9486	2
9496	2
9508	2
9513	2
9514	2
9525	2
9536	2
9541	2
9543	2
9547	2
9548	2
9550	2
9570	2
9571	2
9572	2
9576	2
9580	2
9585	2
9586	2
9588	2
9589	2
9591	2
9599	2
9611	2
9613	2
9622	2
9631	2
9634	2
9637	2
9640	2
9649	2
9653	2
9656	2
9660	2
9664	2
9666	2
9668	2
9669	2
9671	2
9672	2
9677	2
9685	2
9701	2
9705	2
9706	2
9709	2
9712	2
9722	2
9727	2
9734	2
9738	2
9745	2
9749	2
9776	2
9778	2
9779	2
9781	2
9787	2
9796	2
9808	2
9809	2
9811	2
9826	2
9827	2
9843	2
9847	2
9848	2
9856	2
9860	2
9869	2
9880	2
9889	2
9890	2
9893	2
9901	2
9919	2
9921	2
9924	2
9925	2
9938	2
9943	2
9976	2
9978	2
9981	2
9983	2
9985	2
9988	2
9991	2
9996	2
9998	2
9999	2
0	1
4	1
5	1
7	1
8	1
10	1
12	1
18	1
20	1
22	1
23	1
24	1
25	1
26	1
27	1
29	1
30	1
31	1
32	1
34	1
37	1
38	1
39	1
40	1
41	1
42	1
43	1
46	1
47	1
48	1
49	1
50	1
51	1
52	1
53	1
54	1
55	1
56	1
57	1
59	1
60	1
61	1
62	1
63	1
65	1
66	1
67	1
68	1
71	1
73	1
75	1
76	1
77	1
78	1
85	1
86	1
87	1
89	1
93	1
94	1
95	1
96	1
97	1
101	1
105	1
108	1
109	1
110	1
111	1
113	1
116	1
118	1
119	1
121	1
122	1
123	1
124	1
125	1
126	1
128	1
129	1
132	1
133	1
136	1
137	1
138	1
140	1
141	1
142	1
143	1
144	1
145	1
146	1
147	1
152	1
156	1
158	1
161	1
162	1
163	1
164	1
166	1
168	1
169	1
171	1
172	1
174	1
176	1
178	1
180	1
181	1
182	1
183	1
185	1
186	1
187	1
188	1
189	1
190	1
191	1
193	1
194	1
195	1
196	1
197	1
199	1
200	1
201	1
203	1
210	1
211	1
213	1
214	1
215	1
216	1
218	1
219	1
220	1
229	1
230	1
232	1
233	1
234	1
235	1
236	1
237	1
240	1
241	1
243	1
244	1
246	1
248	1
251	1
253	1
254	1
257	1
258	1
262	1
265	1
266	1
267	1
270	1
271	1
272	1
273	1
275	1
276	1
278	1
279	1
280	1
281	1
284	1
285	1
286	1
287	1
289	1
290	1
293	1
294	1
295	1
296	1
298	1
299	1
300	1
301	1
302	1
306	1
307	1
312	1
313	1
317	1
318	1
319	1
320	1
321	1
322	1
326	1
327	1
328	1
329	1
330	1
331	1
332	1
335	1
336	1
337	1
338	1
339	1
340	1
341	1
342	1
343	1
345	1
346	1
347	1
349	1
350	1
355	1
359	1
360	1
361	1
362	1
367	1
372	1
376	1
377	1
382	1
384	1
385	1
386	1
387	1
388	1
392	1
394	1
397	1
399	1
400	1
403	1
404	1
407	1
408	1
409	1
411	1
413	1
415	1
416	1
417	1
418	1
420	1
422	1
423	1
425	1
427	1
428	1
429	1
430	1
432	1
433	1
434	1
437	1
438	1
439	1
440	1
442	1
444	1
445	1
446	1
447	1
449	1
450	1
452	1
453	1
455	1
456	1
458	1
459	1
462	1
464	1
465	1
466	1
467	1
468	1
469	1
472	1
473	1
474	1
476	1
477	1
478	1
479	1
481	1
482	1
483	1
484	1
485	1
488	1
489	1
490	1
491	1
492	1
493	1
496	1
497	1
498	1
500	1
503	1
507	1
509	1
512	1
513	1
514	1
515	1
517	1
519	1
522	1
523	1
525	1
526	1
528	1
529	1
531	1
533	1
534	1
537	1
538	1
539	1
542	1
544	1
547	1
548	1
549	1
550	1
552	1
553	1
554	1
555	1
556	1
557	1
558	1
559	1
560	1
561	1
562	1
564	1
565	1
566	1
567	1
568	1
575	1
576	1
577	1
581	1
583	1
584	1
586	1
588	1
589	1
590	1
591	1
592	1
593	1
594	1
596	1
597	1
598	1
599	1
600	1
603	1
604	1
605	1
608	1
609	1
611	1
612	1
614	1
615	1
616	1
617	1
618	1
619	1
620	1
621	1
622	1
623	1
625	1
630	1
631	1
632	1
633	1
635	1
637	1
638	1
641	1
644	1
646	1
647	1
648	1
649	1
653	1
656	1
657	1
658	1
659	1
660	1
661	1
662	1
663	1
664	1
665	1
666	1
670	1
671	1
672	1
673	1
674	1
675	1
676	1
678	1
680	1
681	1
682	1
683	1
684	1
685	1
686	1
687	1
691	1
692	1
693	1
698	1
699	1
700	1
701	1
702	1
703	1
704	1
705	1
707	1
710	1
712	1
713	1
714	1
715	1
716	1
717	1
718	1
720	1
721	1
723	1
727	1
732	1
734	1
739	1
741	1
742	1
743	1
744	1
746	1
747	1
748	1
755	1
757	1
758	1
762	1
763	1
764	1
767	1
768	1
769	1
771	1
773	1
776	1
778	1
781	1
782	1
783	1
786	1
787	1
788	1
790	1
791	1
794	1
797	1
798	1
799	1
800	1
802	1
804	1
805	1
807	1
808	1
809	1
812	1
815	1
817	1
818	1
822	1
823	1
825	1
827	1
828	1
830	1
831	1
832	1
833	1
834	1
836	1
838	1
840	1
841	1
842	1
843	1
846	1
851	1
854	1
858	1
859	1
861	1
863	1
864	1
866	1
869	1
871	1
872	1
874	1
876	1
878	1
880	1
881	1
882	1
883	1
889	1
890	1
891	1
892	1
894	1
895	1
896	1
898	1
899	1
900	1
901	1
902	1
903	1
904	1
905	1
906	1
907	1
908	1
909	1
911	1
912	1
913	1
914	1
916	1
918	1
920	1
923	1
927	1
928	1
929	1
930	1
932	1
935	1
936	1
938	1
943	1
945	1
946	1
948	1
949	1
951	1
952	1
954	1
958	1
959	1
960	1
962	1
963	1
964	1
965	1
966	1
967	1
968	1
970	1
971	1
975	1
976	1
977	1
978	1
979	1
982	1
984	1
986	1
988	1
989	1
990	1
991	1
992	1
993	1
996	1
997	1
1002	1
1004	1
1005	1
1006	1
1007	1
1008	1
1009	1
1010	1
1011	1
1013	1
1014	1
1017	1
1018	1
1019	1
1020	1
1021	1
1022	1
1024	1
1026	1
1027	1
1028	1
1029	1
1030	1
1033	1
1034	1
1037	1
1040	1
1042	1
1043	1
1044	1
1047	1
1051	1
1052	1
1053	1
1055	1
1057	1
1058	1
1064	1
1066	1
1068	1
1070	1
1071	1
1074	1
1075	1
1076	1
1077	1
1079	1
1081	1
1082	1
1083	1
1085	1
1087	1
1088	1
1089	1
1090	1
1091	1
1092	1
1093	1
1095	1
1096	1
1097	1
1099	1
1100	1
1101	1
1103	1
1105	1
1109	1
1110	1
1111	1
1114	1
1116	1
1118	1
1119	1
1121	1
1124	1
1125	1
1126	1
1127	1
1130	1
1132	1
1134	1
1135	1
1136	1
1137	1
1140	1
1141	1
1143	1
1144	1
1147	1
1148	1
1149	1
1151	1
1152	1
1153	1
1154	1
1159	1
1165	1
1166	1
1169	1
1173	1
1175	1
1178	1
1179	1
1180	1
1181	1
1184	1
1185	1
1187	1
1188	1
1189	1
1190	1
1195	1
1196	1
1200	1
1201	1
1202	1
1204	1
1205	1
1206	1
1207	1
1208	1
1209	1
1211	1
1213	1
1214	1
1215	1
1216	1
1217	1
1218	1
1222	1
1223	1
1225	1
1227	1
1228	1
1230	1
1231	1
1233	1
1234	1
1235	1
1239	1
1241	1
1243	1
1245	1
1248	1
1250	1
1251	1
1254	1
1255	1
1257	1
1258	1
1259	1
1260	1
1261	1
1263	1
1265	1
1266	1
1272	1
1276	1
1280	1
1282	1
1284	1
1285	1
1288	1
1289	1
1294	1
1296	1
1297	1
1299	1
1300	1
1301	1
1302	1
1304	1
1305	1
1306	1
1309	1
1310	1
1313	1
1314	1
1315	1
1316	1
1317	1
1318	1
1321	1
1323	1
1324	1
1326	1
1327	1
1329	1
1330	1
1331	1
1332	1
1333	1
1334	1
1336	1
1338	1
1339	1
1340	1
1343	1
1344	1
1345	1
1346	1
1347	1
1348	1
1349	1
1351	1
1354	1
1355	1
1356	1
1358	1
1359	1
1360	1
1365	1
1366	1
1367	1
1368	1
1369	1
1371	1
1373	1
1374	1
1375	1
1376	1
1379	1
1380	1
1384	1
1385	1
1387	1
1388	1
1389	1
1391	1
1393	1
1394	1
1395	1
1396	1
1399	1
1401	1
1403	1
1404	1
1406	1
1408	1
1411	1
1412	1
1413	1
1415	1
1419	1
1420	1
1424	1
1425	1
1427	1
1428	1
1429	1
1431	1
1432	1
1433	1
1434	1
1436	1
1440	1
1442	1
1444	1
1446	1
1447	1
1448	1
1450	1
1451	1
1452	1
1454	1
1455	1
1456	1
1457	1
1458	1
1459	1
1460	1
1463	1
1464	1
1465	1
1466	1
1467	1
1468	1
1469	1
1470	1
1471	1
1474	1
1475	1
1477	1
1478	1
1479	1
1480	1
1482	1
1484	1
1486	1
1487	1
1488	1
1489	1
1490	1
1491	1
1492	1
1493	1
1494	1
1495	1
1496	1
1497	1
1499	1
1500	1
1504	1
1506	1
1507	1
1508	1
1509	1
1510	1
1513	1
1515	1
1517	1
1520	1
1521	1
1522	1
1523	1
1524	1
1528	1
1529	1
1530	1
1531	1
1532	1
1533	1
1535	1
1536	1
1539	1
1541	1
1542	1
1543	1
1545	1
1547	1
1548	1
1549	1
1552	1
1553	1
1554	1
1555	1
1556	1
1557	1
1558	1
1559	1
1562	1
1563	1
1564	1
1566	1
1567	1
1568	1
1569	1
1570	1
1571	1
1572	1
1573	1
1575	1
1578	1
1582	1
1586	1
1587	1
1591	1
1595	1
1596	1
1598	1
1599	1
1600	1
1602	1
1605	1
1606	1
1608	1
1615	1
1616	1
1618	1
1619	1
1620	1
1623	1
1625	1
1626	1
1628	1
1631	1
1632	1
1633	1
1635	1
1636	1
1637	1
1639	1
1640	1
1641	1
1642	1
1643	1
1644	1
1645	1
1649	1
1650	1
1655	1
1656	1
1657	1
1659	1
1660	1
1661	1
1662	1
1663	1
1664	1
1665	1
1666	1
1668	1
1670	1
1671	1
1672	1
1673	1
1674	1
1678	1
1679	1
1680	1
1681	1
1682	1
1683	1
1684	1
1685	1
1687	1
1690	1
1692	1
1693	1
1696	1
1698	1
1702	1
1703	1
1707	1
1712	1
1714	1
1715	1
1716	1
1718	1
1719	1
1720	1
1722	1
1723	1
1724	1
1731	1
1732	1
1733	1
1738	1
1740	1
1741	1
1742	1
1743	1
1744	1
1745	1
1749	1
1750	1
1751	1
1752	1
1753	1
1754	1
1755	1
1758	1
1759	1
1760	1
1763	1
1765	1
1767	1
1768	1
1770	1
1772	1
1773	1
1777	1
1778	1
1779	1
1780	1
1781	1
1782	1
1784	1
1787	1
1789	1
1790	1
1791	1
1792	1
1793	1
1795	1
1796	1
1798	1
1799	1
1802	1
1803	1
1804	1
1805	1
1807	1
1808	1
1809	1
1811	1
1813	1
1815	1
1816	1
1817	1
1818	1
1819	1
1820	1
1821	1
1822	1
1824	1
1826	1
1830	1
1831	1
1835	1
1838	1
1839	1
1842	1
1843	1
1844	1
1847	1
1848	1
1849	1
1850	1
1851	1
1852	1
1856	1
1857	1
1859	1
1860	1
1861	1
1862	1
1863	1
1865	1
1866	1
1867	1
1869	1
1870	1
1872	1
1873	1
1878	1
1879	1
1881	1
1882	1
1883	1
1885	1
1886	1
1888	1
1889	1
1892	1
1893	1
1895	1
1896	1
1898	1
1900	1
1901	1
1903	1
1905	1
1906	1
1910	1
1912	1
1913	1
1914	1
1915	1
1916	1
1918	1
1919	1
1921	1
1922	1
1926	1
1928	1
1929	1
1930	1
1931	1
1932	1
1933	1
1935	1
1937	1
1940	1
1941	1
1943	1
1944	1
1946	1
1947	1
1952	1
1954	1
1955	1
1956	1
1957	1
1958	1
1960	1
1961	1
1963	1
1964	1
1965	1
1968	1
1970	1
1972	1
1973	1
1977	1
1978	1
1979	1
1981	1
1982	1
1983	1
1985	1
1988	1
1990	1
1991	1
1995	1
1996	1
1997	1
2003	1
2005	1
2006	1
2007	1
2008	1
2010	1
2012	1
2013	1
2015	1
2019	1
2021	1
2026	1
2028	1
2029	1
2030	1
2031	1
2032	1
2033	1
2034	1
2038	1
2039	1
2040	1
2041	1
2042	1
2044	1
2046	1
2051	1
2053	1
2054	1
2057	1
2059	1
2060	1
2061	1
2062	1
2063	1
2064	1
2065	1
2067	1
2069	1
2071	1
2072	1
2073	1
2074	1
2075	1
2076	1
2078	1
2079	1
2081	1
2084	1
2085	1
2086	1
2087	1
2092	1
2094	1
2095	1
2096	1
2098	1
2099	1
2101	1
2102	1
2103	1
2104	1
2105	1
2109	1
2111	1
2113	1
2116	1
2117	1
2119	1
2122	1
2124	1
2127	1
2128	1
2130	1
2131	1
2132	1
2133	1
2134	1
2135	1
2136	1
2140	1
2141	1
2142	1
2143	1
2144	1
2145	1
2146	1
2147	1
2151	1
2155	1
2156	1
2159	1
2160	1
2161	1
2164	1
2166	1
2167	1
2169	1
2170	1
2172	1
2174	1
2176	1
2178	1
2179	1
2182	1
2184	1
2185	1
2186	1
2188	1
2190	1
2191	1
2194	1
2195	1
2197	1
2198	1
2201	1
2202	1
2203	1
2204	1
2205	1
2206	1
2207	1
2208	1
2209	1
2212	1
2214	1
2215	1
2216	1
2217	1
2219	1
2220	1
2221	1
2222	1
2224	1
2227	1
2228	1
2229	1
2230	1
2233	1
2234	1
2235	1
2236	1
2237	1
2238	1
2239	1
2240	1
2241	1
2242	1
2244	1
2245	1
2246	1
2247	1
2248	1
2249	1
2250	1
2251	1
2252	1
2256	1
2261	1
2264	1
2265	1
2266	1
2267	1
2268	1
2269	1
2270	1
2271	1
2272	1
2275	1
2276	1
2277	1
2278	1
2279	1
2280	1
2282	1
2283	1
2284	1
2285	1
2286	1
2287	1
2292	1
2293	1
2297	1
2299	1
2303	1
2305	1
2306	1
2308	1
2310	1
2311	1
2313	1
2315	1
2316	1
2319	1
2320	1
2322	1
2326	1
2327	1
2329	1
2332	1
2333	1
2334	1
2336	1
2339	1
2341	1
2342	1
2344	1
2345	1
2347	1
2351	1
2352	1
2353	1
2356	1
2357	1
2359	1
2361	1
2362	1
2364	1
2365	1
2368	1
2369	1
2370	1
2371	1
2372	1
2373	1
2374	1
2375	1
2376	1
2378	1
2379	1
2381	1
2382	1
2383	1
2385	1
2387	1
2388	1
2389	1
2390	1
2391	1
2392	1
2393	1
2394	1
2395	1
2396	1
2397	1
2399	1
2400	1
2401	1
2402	1
2403	1
2404	1
2405	1
2407	1
2409	1
2410	1
2412	1
2413	1
2414	1
2415	1
2416	1
2417	1
2418	1
2420	1
2421	1
2424	1
2427	1
2428	1
2430	1
2431	1
2433	1
2438	1
2439	1
2440	1
2441	1
2443	1
2444	1
2445	1
2448	1
2449	1
2450	1
2452	1
2455	1
2456	1
2457	1
2458	1
2459	1
2460	1
2462	1
2463	1
2464	1
2465	1
2466	1
2468	1
2471	1
2473	1
2474	1
2475	1
2476	1
2477	1
2478	1
2480	1
2481	1
2482	1
2485	1
2486	1
2487	1
2489	1
2490	1
2491	1
2492	1
2493	1
2495	1
2496	1
2497	1
2498	1
2499	1
2500	1
2501	1
2502	1
2503	1
2506	1
2507	1
2508	1
2510	1
2513	1
2515	1
2517	1
2518	1
2520	1
2523	1
2525	1
2526	1
2527	1
2528	1
2530	1
2534	1
2535	1
2536	1
2539	1
2540	1
2541	1
2542	1
2544	1
2545	1
2546	1
2547	1
2548	1
2550	1
2552	1
2560	1
2562	1
2563	1
2565	1
2566	1
2568	1
2569	1
2571	1
2572	1
2575	1
2576	1
2578	1
2579	1
2581	1
2584	1
2585	1
2586	1
2588	1
2589	1
2590	1
2592	1
2594	1
2595	1
2596	1
2597	1
2598	1
2599	1
2606	1
2612	1
2613	1
2615	1
2616	1
2619	1
2621	1
2622	1
2623	1
2624	1
2625	1
2630	1
2631	1
2632	1
2633	1
2635	1
2637	1
2640	1
2641	1
2642	1
2643	1
2644	1
2649	1
2651	1
2652	1
2653	1
2654	1
2655	1
2656	1
2657	1
2658	1
2661	1
2664	1
2665	1
2666	1
2668	1
2669	1
2670	1
2671	1
2672	1
2674	1
2676	1
2677	1
2682	1
2683	1
2685	1
2686	1
2687	1
2690	1
2691	1
2693	1
2694	1
2695	1
2696	1
2700	1
2701	1
2702	1
2703	1
2704	1
2705	1
2707	1
2708	1
2709	1
2710	1
2711	1
2713	1
2714	1
2715	1
2716	1
2717	1
2718	1
2719	1
2720	1
2722	1
2725	1
2726	1
2727	1
2728	1
2729	1
2730	1
2732	1
2734	1
2735	1
2736	1
2737	1
2739	1
2741	1
2742	1
2743	1
2744	1
2745	1
2747	1
2750	1
2751	1
2754	1
2757	1
2760	1
2763	1
2766	1
2767	1
2768	1
2769	1
2770	1
2771	1
2772	1
2773	1
2775	1
2776	1
2777	1
2779	1
2782	1
2784	1
2786	1
2788	1
2789	1
2791	1
2792	1
2793	1
2796	1
2798	1
2800	1
2803	1
2804	1
2808	1
2810	1
2811	1
2812	1
2815	1
2817	1
2818	1
2819	1
2821	1
2825	1
2826	1
2827	1
2828	1
2830	1
2833	1
2835	1
2837	1
2838	1
2839	1
2840	1
2842	1
2844	1
2847	1
2848	1
2849	1
2850	1
2851	1
2853	1
2854	1
2855	1
2857	1
2858	1
2860	1
2864	1
2866	1
2867	1
2869	1
2871	1
2872	1
2873	1
2874	1
2875	1
2876	1
2878	1
2879	1
2880	1
2881	1
2882	1
2883	1
2884	1
2885	1
2886	1
2887	1
2889	1
2890	1
2891	1
2892	1
2893	1
2894	1
2895	1
2897	1
2898	1
2899	1
2901	1
2902	1
2903	1
2904	1
2905	1
2906	1
2909	1
2911	1
2916	1
2919	1
2920	1
2921	1
2923	1
2925	1
2926	1
2927	1
2930	1
2932	1
2933	1
2934	1
2935	1
2936	1
2937	1
2938	1
2939	1
2941	1
2944	1
2945	1
2949	1
2950	1
2952	1
2953	1
2954	1
2955	1
2956	1
2958	1
2961	1
2964	1
2965	1
2966	1
2968	1
2969	1
2970	1
2973	1
2974	1
2975	1
2976	1
2977	1
2978	1
2979	1
2980	1
2982	1
2984	1
2986	1
2989	1
2991	1
2992	1
2993	1
2997	1
2998	1
2999	1
3000	1
3001	1
3003	1
3004	1
3005	1
3006	1
3007	1
3008	1
3009	1
3011	1
3012	1
3013	1
3015	1
3016	1
3017	1
3018	1
3019	1
3021	1
3022	1
3023	1
3027	1
3028	1
3029	1
3030	1
3032	1
3033	1
3035	1
3037	1
3038	1
3039	1
3040	1
3041	1
3043	1
3045	1
3048	1
3049	1
3050	1
3052	1
3053	1
3055	1
3056	1
3057	1
3058	1
3060	1
3062	1
3064	1
3065	1
3066	1
3068	1
3070	1
3072	1
3074	1
3076	1
3077	1
3079	1
3080	1
3081	1
3082	1
3083	1
3084	1
3087	1
3088	1
3089	1
3090	1
3091	1
3092	1
3094	1
3095	1
3096	1
3097	1
3098	1
3100	1
3102	1
3103	1
3108	1
3109	1
3110	1
3111	1
3112	1
3114	1
3115	1
3117	1
3120	1
3125	1
3126	1
3127	1
3130	1
3131	1
3132	1
3134	1
3135	1
3137	1
3138	1
3139	1
3140	1
3142	1
3143	1
3144	1
3145	1
3146	1
3147	1
3148	1
3149	1
3150	1
3151	1
3152	1
3157	1
3158	1
3159	1
3160	1
3161	1
3162	1
3163	1
3164	1
3165	1
3167	1
3169	1
3171	1
3172	1
3174	1
3175	1
3176	1
3177	1
3178	1
3179	1
3180	1
3181	1
3182	1
3183	1
3184	1
3187	1
3188	1
3189	1
3190	1
3193	1
3194	1
3197	1
3198	1
3203	1
3204	1
3205	1
3209	1
3210	1
3211	1
3212	1
3213	1
3215	1
3216	1
3223	1
3224	1
3225	1
3227	1
3228	1
3230	1
3231	1
3232	1
3235	1
3240	1
3244	1
3246	1
3247	1
3248	1
3249	1
3250	1
3259	1
3260	1
3262	1
3263	1
3267	1
3268	1
3269	1
3272	1
3274	1
3275	1
3277	1
3278	1
3279	1
3283	1
3289	1
3290	1
3291	1
3292	1
3293	1
3294	1
3295	1
3297	1
3300	1
3301	1
3302	1
3305	1
3306	1
3307	1
3308	1
3310	1
3311	1
3312	1
3314	1
3315	1
3316	1
3317	1
3318	1
3319	1
3321	1
3322	1
3323	1
3325	1
3326	1
3327	1
3328	1
3329	1
3330	1
3332	1
3335	1
3336	1
3338	1
3339	1
3340	1
3341	1
3344	1
3346	1
3347	1
3348	1
3350	1
3354	1
3355	1
3357	1
3359	1
3361	1
3365	1
3366	1
3370	1
3372	1
3375	1
3377	1
3379	1
3380	1
3382	1
3383	1
3384	1
3385	1
3387	1
3388	1
3389	1
3391	1
3392	1
3393	1
3394	1
3397	1
3398	1
3399	1
3400	1
3402	1
3404	1
3410	1
3411	1
3412	1
3414	1
3415	1
3416	1
3417	1
3419	1
3422	1
3423	1
3424	1
3427	1
3428	1
3429	1
3430	1
3431	1
3434	1
3435	1
3437	1
3439	1
3440	1
3443	1
3445	1
3446	1
3447	1
3448	1
3449	1
3450	1
3452	1
3453	1
3455	1
3456	1
3458	1
3463	1
3464	1
3467	1
3469	1
3472	1
3475	1
3476	1
3478	1
3482	1
3483	1
3485	1
3486	1
3487	1
3488	1
3489	1
3490	1
3495	1
3496	1
3497	1
3499	1
3500	1
3502	1
3503	1
3505	1
3508	1
3509	1
3512	1
3513	1
3515	1
3516	1
3518	1
3519	1
3520	1
3522	1
3524	1
3526	1
3527	1
3528	1
3531	1
3532	1
3535	1
3537	1
3538	1
3539	1
3540	1
3543	1
3544	1
3548	1
3549	1
3550	1
3551	1
3554	1
3555	1
3557	1
3558	1
3559	1
3560	1
3562	1
3563	1
3564	1
3566	1
3569	1
3573	1
3574	1
3575	1
3576	1
3577	1
3578	1
3580	1
3584	1
3585	1
3586	1
3589	1
3593	1
3595	1
3597	1
3599	1
3601	1
3606	1
3607	1
3608	1
3612	1
3613	1
3614	1
3615	1
3616	1
3617	1
3618	1
3619	1
3620	1
3621	1
3623	1
3624	1
3625	1
3627	1
3629	1
3630	1
3631	1
3632	1
3634	1
3635	1
3636	1
3639	1
3640	1
3641	1
3642	1
3644	1
3647	1
3650	1
3651	1
3652	1
3653	1
3654	1
3658	1
3660	1
3661	1
3664	1
3665	1
3666	1
3670	1
3671	1
3672	1
3673	1
3675	1
3677	1
3678	1
3684	1
3685	1
3686	1
3687	1
3690	1
3691	1
3692	1
3693	1
3695	1
3696	1
3698	1
3699	1
3700	1
3702	1
3704	1
3705	1
3706	1
3709	1
3710	1
3711	1
3712	1
3713	1
3715	1
3717	1
3719	1
3720	1
3722	1
3723	1
3724	1
3725	1
3726	1
3727	1
3729	1
3731	1
3732	1
3733	1
3734	1
3735	1
3736	1
3739	1
3740	1
3743	1
3748	1
3749	1
3752	1
3753	1
3754	1
3757	1
3759	1
3760	1
3764	1
3765	1
3766	1
3768	1
3770	1
3771	1
3772	1
3774	1
3775	1
3776	1
3777	1
3778	1
3782	1
3783	1
3786	1
3788	1
3789	1
3791	1
3793	1
3795	1
3797	1
3804	1
3805	1
3806	1
3807	1
3809	1
3810	1
3813	1
3817	1
3820	1
3822	1
3824	1
3827	1
3828	1
3829	1
3830	1
3834	1
3835	1
3836	1
3837	1
3840	1
3842	1
3844	1
3845	1
3848	1
3849	1
3850	1
3851	1
3852	1
3853	1
3854	1
3856	1
3857	1
3858	1
3859	1
3860	1
3861	1
3863	1
3864	1
3865	1
3866	1
3867	1
3869	1
3870	1
3871	1
3872	1
3873	1
3875	1
3876	1
3877	1
3878	1
3879	1
3883	1
3886	1
3887	1
3888	1
3889	1
3890	1
3891	1
3892	1
3893	1
3896	1
3897	1
3898	1
3900	1
3901	1
3903	1
3905	1
3906	1
3908	1
3909	1
3911	1
3912	1
3913	1
3914	1
3916	1
3917	1
3919	1
3921	1
3923	1
3924	1
3926	1
3930	1
3931	1
3932	1
3936	1
3937	1
3939	1
3941	1
3943	1
3944	1
3946	1
3948	1
3949	1
3951	1
3952	1
3953	1
3955	1
3956	1
3957	1
3964	1
3966	1
3971	1
3975	1
3976	1
3977	1
3979	1
3980	1
3981	1
3984	1
3985	1
3986	1
3987	1
3988	1
3990	1
3993	1
3995	1
3996	1
3998	1
3999	1
4001	1
4002	1
4003	1
4004	1
4005	1
4006	1
4008	1
4009	1
4010	1
4011	1
4012	1
4014	1
4015	1
4016	1
4018	1
4019	1
4020	1
4023	1
4024	1
4026	1
4027	1
4028	1
4029	1
4030	1
4031	1
4034	1
4035	1
4036	1
4038	1
4040	1
4042	1
4043	1
4044	1
4045	1
4047	1
4048	1
4049	1
4050	1
4051	1
4052	1
4054	1
4056	1
4057	1
4058	1
4060	1
4061	1
4062	1
4063	1
4065	1
4066	1
4068	1
4069	1
4070	1
4072	1
4075	1
4076	1
4077	1
4078	1
4079	1
4080	1
4082	1
4085	1
4086	1
4089	1
4091	1
4092	1
4094	1
4095	1
4098	1
4100	1
4102	1
4103	1
4105	1
4106	1
4109	1
4110	1
4111	1
4113	1
4115	1
4118	1
4119	1
4120	1
4121	1
4123	1
4124	1
4125	1
4126	1
4127	1
4128	1
4129	1
4130	1
4131	1
4133	1
4134	1
4135	1
4137	1
4138	1
4140	1
4143	1
4144	1
4145	1
4146	1
4147	1
4148	1
4149	1
4151	1
4152	1
4153	1
4154	1
4155	1
4156	1
4157	1
4160	1
4161	1
4162	1
4163	1
4165	1
4166	1
4168	1
4169	1
4170	1
4172	1
4174	1
4178	1
4180	1
4185	1
4188	1
4189	1
4190	1
4191	1
4193	1
4194	1
4195	1
4197	1
4198	1
4199	1
4200	1
4202	1
4203	1
4204	1
4206	1
4210	1
4212	1
4213	1
4216	1
4217	1
4218	1
4219	1
4222	1
4225	1
4226	1
4228	1
4231	1
4232	1
4233	1
4235	1
4236	1
4238	1
4245	1
4246	1
4247	1
4249	1
4250	1
4252	1
4255	1
4256	1
4257	1
4258	1
4259	1
4264	1
4265	1
4266	1
4267	1
4268	1
4270	1
4271	1
4272	1
4273	1
4276	1
4277	1
4278	1
4279	1
4281	1
4282	1
4283	1
4286	1
4288	1
4289	1
4290	1
4291	1
4292	1
4293	1
4294	1
4296	1
4297	1
4299	1
4303	1
4304	1
4305	1
4307	1
4308	1
4310	1
4311	1
4312	1
4314	1
4317	1
4318	1
4319	1
4320	1
4321	1
4322	1
4328	1
4329	1
4330	1
4332	1
4333	1
4334	1
4338	1
4339	1
4340	1
4341	1
4342	1
4345	1
4346	1
4347	1
4350	1
4352	1
4354	1
4355	1
4356	1
4357	1
4358	1
4359	1
4360	1
4361	1
4362	1
4363	1
4364	1
4365	1
4366	1
4367	1
4368	1
4369	1
4371	1
4372	1
4373	1
4375	1
4376	1
4377	1
4378	1
4380	1
4382	1
4384	1
4385	1
4386	1
4387	1
4390	1
4391	1
4392	1
4394	1
4395	1
4396	1
4397	1
4399	1
4401	1
4405	1
4412	1
4413	1
4417	1
4424	1
4425	1
4427	1
4429	1
4430	1
4431	1
4433	1
4434	1
4438	1
4439	1
4440	1
4441	1
4444	1
4445	1
4446	1
4448	1
4449	1
4450	1
4451	1
4452	1
4453	1
4455	1
4457	1
4461	1
4462	1
4463	1
4464	1
4468	1
4470	1
4473	1
4475	1
4478	1
4479	1
4480	1
4482	1
4484	1
4485	1
4486	1
4487	1
4489	1
4490	1
4491	1
4492	1
4493	1
4494	1
4499	1
4501	1
4502	1
4503	1
4505	1
4507	1
4508	1
4510	1
4512	1
4513	1
4514	1
4515	1
4519	1
4520	1
4521	1
4522	1
4523	1
4524	1
4525	1
4527	1
4528	1
4529	1
4530	1
4531	1
4532	1
4533	1
4534	1
4535	1
4538	1
4542	1
4543	1
4545	1
4547	1
4550	1
4552	1
4553	1
4554	1
4555	1
4556	1
4557	1
4558	1
4560	1
4563	1
4564	1
4566	1
4567	1
4568	1
4569	1
4570	1
4571	1
4572	1
4574	1
4575	1
4576	1
4578	1
4579	1
4580	1
4581	1
4583	1
4584	1
4585	1
4586	1
4587	1
4589	1
4595	1
4596	1
4598	1
4600	1
4601	1
4602	1
4604	1
4605	1
4606	1
4609	1
4610	1
4612	1
4613	1
4614	1
4615	1
4616	1
4617	1
4621	1
4622	1
4623	1
4628	1
4630	1
4631	1
4632	1
4633	1
4639	1
4640	1
4642	1
4643	1
4644	1
4645	1
4647	1
4648	1
4649	1
4650	1
4651	1
4654	1
4655	1
4656	1
4657	1
4658	1
4659	1
4662	1
4664	1
4665	1
4666	1
4668	1
4670	1
4671	1
4672	1
4674	1
4675	1
4676	1
4677	1
4678	1
4679	1
4681	1
4682	1
4683	1
4684	1
4688	1
4691	1
4692	1
4693	1
4694	1
4697	1
4700	1
4701	1
4703	1
4707	1
4708	1
4709	1
4711	1
4712	1
4713	1
4715	1
4716	1
4717	1
4719	1
4720	1
4721	1
4723	1
4725	1
4726	1
4730	1
4731	1
4732	1
4734	1
4735	1
4737	1
4738	1
4739	1
4742	1
4743	1
4745	1
4748	1
4751	1
4752	1
4753	1
4754	1
4756	1
4759	1
4762	1
4765	1
4766	1
4767	1
4768	1
4769	1
4770	1
4771	1
4772	1
4774	1
4775	1
4778	1
4779	1
4780	1
4782	1
4783	1
4785	1
4786	1
4787	1
4789	1
4790	1
4791	1
4792	1
4793	1
4794	1
4800	1
4801	1
4802	1
4803	1
4804	1
4805	1
4807	1
4810	1
4811	1
4812	1
4814	1
4815	1
4816	1
4817	1
4818	1
4820	1
4821	1
4823	1
4824	1
4827	1
4828	1
4829	1
4830	1
4831	1
4832	1
4835	1
4836	1
4837	1
4841	1
4842	1
4845	1
4846	1
4847	1
4850	1
4851	1
4852	1
4853	1
4854	1
4855	1
4859	1
4860	1
4862	1
4864	1
4871	1
4872	1
4873	1
4874	1
4875	1
4879	1
4881	1
4882	1
4883	1
4885	1
4889	1
4890	1
4891	1
4892	1
4893	1
4894	1
4895	1
4898	1
4900	1
4902	1
4905	1
4907	1
4912	1
4914	1
4916	1
4917	1
4919	1
4921	1
4922	1
4923	1
4928	1
4929	1
4930	1
4932	1
4933	1
4934	1
4935	1
4936	1
4937	1
4938	1
4940	1
4941	1
4942	1
4943	1
4944	1
4945	1
4946	1
4948	1
4949	1
4950	1
4951	1
4952	1
4953	1
4955	1
4958	1
4959	1
4962	1
4964	1
4968	1
4969	1
4970	1
4971	1
4972	1
4973	1
4974	1
4975	1
4976	1
4978	1
4979	1
4980	1
4984	1
4986	1
4988	1
4989	1
4990	1
4991	1
4992	1
4993	1
4994	1
4995	1
4996	1
4998	1
5000	1
5001	1
5003	1
5004	1
5005	1
5006	1
5007	1
5008	1
5009	1
5010	1
5011	1
5013	1
5014	1
5016	1
5018	1
5020	1
5021	1
5024	1
5025	1
5026	1
5027	1
5028	1
5029	1
5031	1
5032	1
5033	1
5034	1
5035	1
5036	1
5039	1
5040	1
5041	1
5042	1
5043	1
5044	1
5045	1
5046	1
5047	1
5048	1
5050	1
5054	1
5056	1
5058	1
5059	1
5060	1
5062	1
5064	1
5066	1
5067	1
5069	1
5070	1
5071	1
5073	1
5074	1
5075	1
5076	1
5077	1
5078	1
5079	1
5080	1
5081	1
5082	1
5083	1
5084	1
5087	1
5088	1
5089	1
5090	1
5091	1
5094	1
5096	1
5097	1
5098	1
5099	1
5103	1
5104	1
5106	1
5108	1
5109	1
5110	1
5111	1
5113	1
5115	1
5117	1
5118	1
5120	1
5121	1
5122	1
5127	1
5128	1
5131	1
5133	1
5134	1
5138	1
5140	1
5142	1
5145	1
5146	1
5149	1
5151	1
5152	1
5153	1
5157	1
5161	1
5162	1
5164	1
5165	1
5166	1
5167	1
5170	1
5171	1
5175	1
5176	1
5177	1
5178	1
5179	1
5182	1
5183	1
5185	1
5187	1
5188	1
5189	1
5192	1
5193	1
5198	1
5199	1
5200	1
5202	1
5203	1
5204	1
5206	1
5207	1
5208	1
5209	1
5210	1
5211	1
5212	1
5213	1
5214	1
5215	1
5216	1
5218	1
5222	1
5223	1
5224	1
5225	1
5227	1
5229	1
5230	1
5234	1
5235	1
5236	1
5237	1
5239	1
5241	1
5242	1
5243	1
5246	1
5247	1
5249	1
5251	1
5253	1
5257	1
5260	1
5261	1
5264	1
5267	1
5269	1
5270	1
5272	1
5273	1
5274	1
5275	1
5277	1
5278	1
5279	1
5280	1
5281	1
5282	1
5284	1
5287	1
5288	1
5289	1
5293	1
5294	1
5296	1
5298	1
5299	1
5302	1
5303	1
5305	1
5306	1
5307	1
5308	1
5310	1
5315	1
5316	1
5318	1
5320	1
5321	1
5322	1
5323	1
5324	1
5325	1
5327	1
5328	1
5331	1
5332	1
5333	1
5334	1
5335	1
5337	1
5338	1
5339	1
5341	1
5343	1
5345	1
5348	1
5354	1
5355	1
5356	1
5357	1
5361	1
5362	1
5368	1
5369	1
5370	1
5371	1
5372	1
5374	1
5376	1
5378	1
5382	1
5383	1
5384	1
5385	1
5388	1
5391	1
5392	1
5393	1
5394	1
5395	1
5397	1
5400	1
5401	1
5406	1
5407	1
5409	1
5411	1
5412	1
5415	1
5417	1
5420	1
5421	1
5422	1
5427	1
5429	1
5430	1
5432	1
5433	1
5434	1
5437	1
5439	1
5440	1
5443	1
5444	1
5445	1
5446	1
5447	1
5449	1
5450	1
5452	1
5453	1
5455	1
5459	1
5460	1
5462	1
5464	1
5465	1
5466	1
5468	1
5469	1
5470	1
5471	1
5472	1
5473	1
5474	1
5476	1
5477	1
5479	1
5484	1
5485	1
5487	1
5488	1
5490	1
5491	1
5492	1
5493	1
5494	1
5496	1
5500	1
5502	1
5503	1
5505	1
5506	1
5507	1
5508	1
5509	1
5510	1
5511	1
5514	1
5515	1
5516	1
5519	1
5522	1
5523	1
5524	1
5526	1
5528	1
5529	1
5531	1
5534	1
5536	1
5540	1
5541	1
5542	1
5543	1
5547	1
5548	1
5551	1
5552	1
5555	1
5556	1
5558	1
5560	1
5564	1
5565	1
5566	1
5567	1
5568	1
5569	1
5571	1
5572	1
5575	1
5576	1
5577	1
5580	1
5581	1
5582	1
5586	1
5588	1
5589	1
5591	1
5592	1
5593	1
5596	1
5597	1
5599	1
5600	1
5601	1
5602	1
5603	1
5608	1
5610	1
5611	1
5612	1
5615	1
5619	1
5620	1
5632	1
5633	1
5634	1
5635	1
5636	1
5639	1
5640	1
5641	1
5642	1
5643	1
5644	1
5645	1
5646	1
5647	1
5650	1
5651	1
5652	1
5654	1
5657	1
5658	1
5659	1
5660	1
5661	1
5662	1
5664	1
5665	1
5666	1
5667	1
5668	1
5669	1
5670	1
5672	1
5673	1
5675	1
5677	1
5680	1
5682	1
5683	1
5685	1
5686	1
5687	1
5690	1
5691	1
5693	1
5694	1
5696	1
5697	1
5698	1
5702	1
5703	1
5707	1
5711	1
5713	1
5714	1
5717	1
5719	1
5720	1
5721	1
5723	1
5724	1
5725	1
5727	1
5728	1
5729	1
5730	1
5731	1
5732	1
5733	1
5735	1
5736	1
5738	1
5739	1
5743	1
5748	1
5749	1
5751	1
5752	1
5753	1
5754	1
5757	1
5758	1
5759	1
5760	1
5764	1
5765	1
5770	1
5772	1
5773	1
5774	1
5775	1
5776	1
5777	1
5778	1
5781	1
5783	1
5784	1
5785	1
5786	1
5789	1
5790	1
5792	1
5793	1
5796	1
5797	1
5800	1
5801	1
5802	1
5803	1
5804	1
5805	1
5808	1
5811	1
5813	1
5815	1
5816	1
5818	1
5819	1
5820	1
5821	1
5822	1
5823	1
5824	1
5825	1
5826	1
5827	1
5829	1
5830	1
5831	1
5833	1
5834	1
5835	1
5837	1
5838	1
5840	1
5841	1
5846	1
5847	1
5848	1
5850	1
5852	1
5853	1
5854	1
5855	1
5857	1
5860	1
5861	1
5864	1
5866	1
5867	1
5870	1
5873	1
5874	1
5875	1
5877	1
5879	1
5880	1
5881	1
5883	1
5885	1
5886	1
5889	1
5892	1
5893	1
5894	1
5895	1
5896	1
5897	1
5899	1
5900	1
5901	1
5903	1
5904	1
5905	1
5906	1
5908	1
5909	1
5910	1
5911	1
5912	1
5913	1
5914	1
5915	1
5917	1
5919	1
5920	1
5926	1
5929	1
5930	1
5931	1
5932	1
5936	1
5937	1
5938	1
5942	1
5943	1
5944	1
5946	1
5947	1
5948	1
5949	1
5950	1
5952	1
5958	1
5959	1
5960	1
5963	1
5965	1
5966	1
5967	1
5969	1
5972	1
5974	1
5975	1
5976	1
5977	1
5979	1
5981	1
5982	1
5983	1
5984	1
5986	1
5989	1
5990	1
5991	1
5992	1
5993	1
5994	1
5995	1
5997	1
5998	1
5999	1
6001	1
6002	1
6003	1
6005	1
6007	1
6008	1
6009	1
6011	1
6012	1
6013	1
6014	1
6018	1
6019	1
6020	1
6022	1
6025	1
6026	1
6028	1
6031	1
6035	1
6036	1
6039	1
6040	1
6041	1
6042	1
6043	1
6045	1
6050	1
6051	1
6052	1
6053	1
6054	1
6055	1
6058	1
6059	1
6060	1
6063	1
6064	1
6065	1
6066	1
6067	1
6068	1
6069	1
6070	1
6072	1
6076	1
6081	1
6083	1
6084	1
6087	1
6088	1
6089	1
6092	1
6093	1
6094	1
6095	1
6096	1
6098	1
6099	1
6103	1
6104	1
6107	1
6108	1
6112	1
6115	1
6116	1
6119	1
6120	1
6126	1
6127	1
6128	1
6129	1
6130	1
6131	1
6133	1
6135	1
6136	1
6139	1
6140	1
6142	1
6145	1
6146	1
6147	1
6149	1
6150	1
6151	1
6152	1
6153	1
6155	1
6158	1
6161	1
6163	1
6166	1
6170	1
6172	1
6174	1
6175	1
6178	1
6179	1
6180	1
6182	1
6183	1
6184	1
6188	1
6190	1
6194	1
6195	1
6197	1
6198	1
6199	1
6200	1
6202	1
6204	1
6206	1
6212	1
6213	1
6214	1
6215	1
6216	1
6217	1
6218	1
6221	1
6224	1
6225	1
6226	1
6227	1
6229	1
6230	1
6231	1
6232	1
6233	1
6234	1
6235	1
6237	1
6238	1
6240	1
6241	1
6242	1
6245	1
6246	1
6247	1
6248	1
6249	1
6250	1
6251	1
6253	1
6255	1
6256	1
6260	1
6262	1
6263	1
6264	1
6266	1
6267	1
6268	1
6269	1
6270	1
6272	1
6273	1
6274	1
6276	1
6277	1
6278	1
6279	1
6280	1
6282	1
6283	1
6284	1
6289	1
6290	1
6291	1
6292	1
6293	1
6294	1
6295	1
6296	1
6297	1
6299	1
6301	1
6302	1
6307	1
6310	1
6312	1
6314	1
6315	1
6319	1
6320	1
6322	1
6324	1
6325	1
6326	1
6328	1
6329	1
6331	1
6333	1
6334	1
6335	1
6337	1
6338	1
6340	1
6341	1
6342	1
6347	1
6350	1
6351	1
6352	1
6353	1
6355	1
6357	1
6360	1
6362	1
6364	1
6365	1
6366	1
6367	1
6368	1
6369	1
6373	1
6374	1
6376	1
6378	1
6379	1
6380	1
6381	1
6383	1
6385	1
6386	1
6389	1
6390	1
6392	1
6393	1
6394	1
6397	1
6398	1
6399	1
6400	1
6401	1
6404	1
6405	1
6408	1
6410	1
6413	1
6414	1
6416	1
6419	1
6420	1
6423	1
6424	1
6425	1
6427	1
6428	1
6429	1
6431	1
6432	1
6433	1
6434	1
6435	1
6437	1
6438	1
6439	1
6440	1
6441	1
6442	1
6444	1
6445	1
6446	1
6448	1
6452	1
6454	1
6455	1
6456	1
6457	1
6459	1
6461	1
6463	1
6464	1
6467	1
6468	1
6469	1
6471	1
6473	1
6475	1
6479	1
6481	1
6482	1
6483	1
6485	1
6486	1
6487	1
6488	1
6489	1
6492	1
6493	1
6495	1
6496	1
6498	1
6499	1
6500	1
6501	1
6502	1
6503	1
6504	1
6508	1
6511	1
6512	1
6514	1
6516	1
6517	1
6518	1
6520	1
6521	1
6522	1
6523	1
6524	1
6525	1
6527	1
6528	1
6531	1
6532	1
6533	1
6534	1
6535	1
6537	1
6539	1
6540	1
6543	1
6553	1
6554	1
6555	1
6557	1
6558	1
6559	1
6563	1
6564	1
6568	1
6569	1
6570	1
6573	1
6575	1
6577	1
6579	1
6580	1
6581	1
6583	1
6585	1
6586	1
6588	1
6589	1
6591	1
6593	1
6595	1
6596	1
6597	1
6598	1
6599	1
6602	1
6603	1
6604	1
6605	1
6606	1
6607	1
6608	1
6609	1
6610	1
6611	1
6612	1
6613	1
6614	1
6615	1
6616	1
6617	1
6619	1
6620	1
6621	1
6622	1
6623	1
6624	1
6625	1
6626	1
6628	1
6630	1
6631	1
6633	1
6634	1
6636	1
6637	1
6638	1
6640	1
6641	1
6644	1
6646	1
6647	1
6650	1
6652	1
6656	1
6657	1
6658	1
6660	1
6661	1
6662	1
6664	1
6665	1
6666	1
6667	1
6669	1
6670	1
6671	1
6673	1
6677	1
6678	1
6679	1
6680	1
6681	1
6682	1
6683	1
6684	1
6685	1
6686	1
6687	1
6689	1
6691	1
6692	1
6693	1
6697	1
6701	1
6705	1
6706	1
6707	1
6711	1
6713	1
6716	1
6718	1
6721	1
6722	1
6723	1
6724	1
6725	1
6726	1
6728	1
6729	1
6730	1
6733	1
6734	1
6736	1
6737	1
6738	1
6739	1
6740	1
6741	1
6743	1
6745	1
6747	1
6748	1
6750	1
6752	1
6753	1
6755	1
6756	1
6757	1
6758	1
6759	1
6761	1
6764	1
6767	1
6768	1
6769	1
6770	1
6775	1
6776	1
6778	1
6779	1
6780	1
6781	1
6783	1
6784	1
6785	1
6788	1
6790	1
6792	1
6793	1
6794	1
6796	1
6797	1
6799	1
6800	1
6802	1
6803	1
6804	1
6806	1
6807	1
6808	1
6809	1
6810	1
6811	1
6813	1
6814	1
6817	1
6819	1
6820	1
6822	1
6825	1
6826	1
6828	1
6830	1
6832	1
6833	1
6834	1
6835	1
6837	1
6839	1
6840	1
6841	1
6844	1
6845	1
6849	1
6850	1
6851	1
6852	1
6853	1
6855	1
6856	1
6857	1
6859	1
6860	1
6861	1
6862	1
6866	1
6867	1
6868	1
6871	1
6875	1
6880	1
6881	1
6883	1
6884	1
6886	1
6887	1
6888	1
6889	1
6892	1
6894	1
6896	1
6897	1
6898	1
6899	1
6900	1
6901	1
6902	1
6906	1
6907	1
6909	1
6910	1
6911	1
6912	1
6914	1
6918	1
6921	1
6924	1
6925	1
6928	1
6929	1
6930	1
6932	1
6934	1
6935	1
6936	1
6937	1
6938	1
6939	1
6940	1
6941	1
6942	1
6943	1
6944	1
6946	1
6950	1
6951	1
6952	1
6955	1
6956	1
6957	1
6959	1
6960	1
6963	1
6964	1
6965	1
6967	1
6969	1
6971	1
6972	1
6973	1
6974	1
6975	1
6976	1
6977	1
6979	1
6981	1
6982	1
6983	1
6984	1
6986	1
6987	1
6988	1
6994	1
6995	1
6996	1
6997	1
6998	1
7000	1
7002	1
7004	1
7006	1
7007	1
7009	1
7010	1
7011	1
7013	1
7015	1
7017	1
7018	1
7019	1
7020	1
7021	1
7022	1
7023	1
7024	1
7026	1
7030	1
7031	1
7032	1
7033	1
7035	1
7038	1
7042	1
7045	1
7049	1
7051	1
7052	1
7053	1
7054	1
7057	1
7060	1
7061	1
7066	1
7067	1
7068	1
7071	1
7072	1
7074	1
7076	1
7077	1
7078	1
7080	1
7082	1
7084	1
7085	1
7087	1
7089	1
7090	1
7091	1
7092	1
7093	1
7094	1
7095	1
7096	1
7097	1
7098	1
7099	1
7100	1
7101	1
7102	1
7103	1
7105	1
7106	1
7107	1
7108	1
7109	1
7110	1
7112	1
7114	1
7116	1
7117	1
7119	1
7123	1
7124	1
7126	1
7127	1
7128	1
7131	1
7132	1
7133	1
7134	1
7135	1
7136	1
7138	1
7141	1
7142	1
7144	1
7145	1
7146	1
7147	1
7148	1
7149	1
7151	1
7152	1
7154	1
7156	1
7157	1
7159	1
7160	1
7161	1
7162	1
7164	1
7165	1
7166	1
7169	1
7171	1
7173	1
7174	1
7175	1
7176	1
7178	1
7179	1
7180	1
7183	1
7184	1
7186	1
7187	1
7188	1
7190	1
7193	1
7194	1
7196	1
7198	1
7199	1
7200	1
7204	1
7205	1
7210	1
7212	1
7217	1
7218	1
7220	1
7224	1
7225	1
7226	1
7229	1
7230	1
7233	1
7236	1
7237	1
7238	1
7240	1
7241	1
7244	1
7245	1
7246	1
7247	1
7249	1
7252	1
7253	1
7257	1
7258	1
7260	1
7262	1
7265	1
7267	1
7268	1
7269	1
7273	1
7274	1
7275	1
7278	1
7279	1
7280	1
7281	1
7282	1
7283	1
7284	1
7285	1
7286	1
7288	1
7289	1
7290	1
7291	1
7292	1
7293	1
7294	1
7297	1
7299	1
7300	1
7304	1
7305	1
7307	1
7310	1
7311	1
7313	1
7316	1
7317	1
7318	1
7319	1
7320	1
7321	1
7322	1
7323	1
7324	1
7325	1
7328	1
7334	1
7335	1
7338	1
7340	1
7341	1
7344	1
7345	1
7346	1
7347	1
7349	1
7350	1
7351	1
7352	1
7353	1
7354	1
7355	1
7357	1
7362	1
7363	1
7365	1
7368	1
7370	1
7372	1
7373	1
7374	1
7376	1
7378	1
7381	1
7383	1
7384	1
7385	1
7386	1
7387	1
7388	1
7390	1
7391	1
7392	1
7394	1
7395	1
7396	1
7397	1
7398	1
7400	1
7401	1
7402	1
7404	1
7405	1
7406	1
7407	1
7408	1
7409	1
7410	1
7411	1
7412	1
7413	1
7415	1
7416	1
7420	1
7424	1
7429	1
7432	1
7433	1
7434	1
7435	1
7436	1
7437	1
7438	1
7440	1
7442	1
7444	1
7445	1
7446	1
7448	1
7451	1
7452	1
7453	1
7458	1
7462	1
7463	1
7466	1
7468	1
7471	1
7474	1
7476	1
7477	1
7478	1
7481	1
7482	1
7483	1
7486	1
7487	1
7489	1
7490	1
7491	1
7492	1
7493	1
7494	1
7497	1
7498	1
7499	1
7500	1
7502	1
7506	1
7507	1
7509	1
7510	1
7512	1
7513	1
7516	1
7517	1
7520	1
7521	1
7524	1
7526	1
7529	1
7531	1
7532	1
7533	1
7537	1
7540	1
7542	1
7543	1
7544	1
7547	1
7548	1
7549	1
7550	1
7551	1
7552	1
7554	1
7555	1
7556	1
7557	1
7559	1
7560	1
7563	1
7564	1
7565	1
7566	1
7569	1
7570	1
7572	1
7573	1
7575	1
7576	1
7578	1
7579	1
7580	1
7583	1
7584	1
7585	1
7587	1
7589	1
7590	1
7591	1
7592	1
7594	1
7597	1
7598	1
7599	1
7601	1
7604	1
7605	1
7607	1
7608	1
7609	1
7610	1
7611	1
7612	1
7613	1
7614	1
7615	1
7616	1
7617	1
7618	1
7619	1
7623	1
7625	1
7627	1
7629	1
7630	1
7633	1
7635	1
7637	1
7638	1
7639	1
7641	1
7644	1
7646	1
7647	1
7648	1
7649	1
7650	1
7651	1
7652	1
7654	1
7658	1
7659	1
7660	1
7663	1
7664	1
7665	1
7666	1
7668	1
7669	1
7672	1
7673	1
7674	1
7675	1
7676	1
7678	1
7679	1
7682	1
7683	1
7686	1
7689	1
7695	1
7700	1
7701	1
7702	1
7706	1
7707	1
7708	1
7710	1
7711	1
7712	1
7713	1
7714	1
7715	1
7716	1
7717	1
7718	1
7720	1
7722	1
7723	1
7726	1
7728	1
7729	1
7730	1
7731	1
7732	1
7734	1
7736	1
7737	1
7738	1
7739	1
7740	1
7741	1
7742	1
7743	1
7744	1
7745	1
7747	1
7748	1
7750	1
7751	1
7753	1
7754	1
7755	1
7757	1
7758	1
7759	1
7760	1
7762	1
7763	1
7764	1
7765	1
7766	1
7767	1
7768	1
7770	1
7771	1
7772	1
7774	1
7775	1
7776	1
7778	1
7783	1
7784	1
7785	1
7786	1
7788	1
7789	1
7791	1
7792	1
7793	1
7794	1
7795	1
7797	1
7798	1
7799	1
7800	1
7801	1
7802	1
7803	1
7806	1
7809	1
7810	1
7813	1
7814	1
7816	1
7818	1
7820	1
7821	1
7823	1
7824	1
7825	1
7826	1
7828	1
7830	1
7831	1
7832	1
7837	1
7838	1
7839	1
7840	1
7841	1
7842	1
7843	1
7844	1
7846	1
7849	1
7853	1
7854	1
7855	1
7860	1
7862	1
7864	1
7865	1
7866	1
7867	1
7868	1
7870	1
7872	1
7873	1
7874	1
7876	1
7881	1
7882	1
7885	1
7886	1
7887	1
7889	1
7890	1
7891	1
7893	1
7895	1
7897	1
7901	1
7902	1
7903	1
7904	1
7908	1
7910	1
7912	1
7913	1
7915	1
7916	1
7918	1
7919	1
7921	1
7922	1
7923	1
7927	1
7928	1
7929	1
7931	1
7933	1
7937	1
7938	1
7941	1
7942	1
7944	1
7947	1
7948	1
7949	1
7950	1
7951	1
7952	1
7956	1
7957	1
7959	1
7963	1
7965	1
7967	1
7969	1
7976	1
7977	1
7978	1
7979	1
7980	1
7981	1
7982	1
7983	1
7984	1
7985	1
7986	1
7988	1
7989	1
7990	1
7993	1
7995	1
7996	1
8000	1
8002	1
8005	1
8006	1
8007	1
8010	1
8011	1
8014	1
8015	1
8018	1
8019	1
8021	1
8022	1
8023	1
8024	1
8025	1
8026	1
8027	1
8028	1
8029	1
8033	1
8034	1
8035	1
8038	1
8040	1
8041	1
8042	1
8044	1
8046	1
8047	1
8048	1
8051	1
8052	1
8053	1
8056	1
8057	1
8058	1
8062	1
8063	1
8064	1
8066	1
8067	1
8070	1
8071	1
8072	1
8074	1
8075	1
8076	1
8077	1
8079	1
8081	1
8084	1
8085	1
8086	1
8088	1
8089	1
8090	1
8091	1
8092	1
8093	1
8103	1
8105	1
8106	1
8107	1
8109	1
8110	1
8112	1
8113	1
8114	1
8115	1
8116	1
8122	1
8123	1
8124	1
8127	1
8130	1
8131	1
8132	1
8133	1
8137	1
8139	1
8140	1
8141	1
8143	1
8145	1
8146	1
8148	1
8150	1
8152	1
8154	1
8157	1
8158	1
8159	1
8160	1
8162	1
8164	1
8165	1
8167	1
8170	1
8171	1
8172	1
8174	1
8175	1
8176	1
8177	1
8179	1
8180	1
8181	1
8182	1
8184	1
8185	1
8186	1
8187	1
8189	1
8190	1
8191	1
8192	1
8193	1
8194	1
8196	1
8199	1
8200	1
8202	1
8203	1
8204	1
8206	1
8208	1
8210	1
8211	1
8212	1
8214	1
8215	1
8217	1
8219	1
8220	1
8228	1
8229	1
8230	1
8234	1
8235	1
8237	1
8238	1
8239	1
8241	1
8244	1
8245	1
8247	1
8252	1
8253	1
8255	1
8256	1
8257	1
8258	1
8260	1
8261	1
8265	1
8267	1
8268	1
8269	1
8271	1
8272	1
8273	1
8275	1
8278	1
8279	1
8280	1
8281	1
8282	1
8283	1
8284	1
8285	1
8287	1
8288	1
8289	1
8290	1
8292	1
8294	1
8295	1
8298	1
8299	1
8300	1
8301	1
8304	1
8305	1
8306	1
8307	1
8310	1
8311	1
8312	1
8316	1
8317	1
8319	1
8322	1
8323	1
8324	1
8326	1
8328	1
8329	1
8330	1
8331	1
8334	1
8335	1
8336	1
8337	1
8340	1
8343	1
8345	1
8346	1
8348	1
8351	1
8352	1
8353	1
8354	1
8355	1
8356	1
8357	1
8359	1
8360	1
8363	1
8364	1
8365	1
8366	1
8367	1
8368	1
8371	1
8372	1
8375	1
8377	1
8379	1
8381	1
8382	1
8386	1
8387	1
8388	1
8389	1
8395	1
8398	1
8399	1
8401	1
8402	1
8403	1
8404	1
8405	1
8407	1
8408	1
8409	1
8410	1
8411	1
8412	1
8413	1
8414	1
8416	1
8417	1
8418	1
8420	1
8421	1
8422	1
8424	1
8425	1
8426	1
8427	1
8428	1
8429	1
8431	1
8433	1
8434	1
8435	1
8436	1
8438	1
8441	1
8442	1
8445	1
8447	1
8448	1
8450	1
8451	1
8452	1
8453	1
8455	1
8458	1
8459	1
8463	1
8464	1
8465	1
8466	1
8468	1
8470	1
8473	1
8474	1
8476	1
8477	1
8478	1
8479	1
8481	1
8484	1
8486	1
8487	1
8488	1
8490	1
8493	1
8498	1
8501	1
8502	1
8505	1
8506	1
8507	1
8508	1
8509	1
8510	1
8512	1
8513	1
8514	1
8515	1
8516	1
8519	1
8520	1
8521	1
8523	1
8524	1
8527	1
8530	1
8531	1
8532	1
8533	1
8535	1
8537	1
8538	1
8539	1
8540	1
8541	1
8542	1
8543	1
8544	1
8545	1
8546	1
8547	1
8549	1
8553	1
8556	1
8557	1
8558	1
8559	1
8561	1
8562	1
8565	1
8566	1
8567	1
8569	1
8571	1
8573	1
8574	1
8575	1
8579	1
8582	1
8585	1
8586	1
8587	1
8590	1
8591	1
8593	1
8594	1
8595	1
8596	1
8598	1
8599	1
8602	1
8603	1
8604	1
8607	1
8610	1
8611	1
8612	1
8613	1
8614	1
8616	1
8617	1
8618	1
8620	1
8622	1
8623	1
8624	1
8627	1
8629	1
8630	1
8635	1
8636	1
8637	1
8638	1
8639	1
8640	1
8643	1
8645	1
8646	1
8647	1
8648	1
8649	1
8652	1
8654	1
8655	1
8656	1
8659	1
8660	1
8661	1
8662	1
8664	1
8665	1
8667	1
8668	1
8670	1
8671	1
8674	1
8676	1
8677	1
8679	1
8681	1
8684	1
8685	1
8687	1
8688	1
8692	1
8696	1
8697	1
8698	1
8699	1
8704	1
8705	1
8707	1
8708	1
8710	1
8711	1
8714	1
8716	1
8717	1
8718	1
8719	1
8720	1
8721	1
8722	1
8724	1
8725	1
8726	1
8727	1
8730	1
8731	1
8734	1
8735	1
8738	1
8739	1
8740	1
8741	1
8742	1
8743	1
8745	1
8746	1
8747	1
8748	1
8749	1
8750	1
8751	1
8753	1
8755	1
8757	1
8758	1
8760	1
8761	1
8763	1
8767	1
8768	1
8770	1
8771	1
8772	1
8774	1
8775	1
8777	1
8780	1
8781	1
8782	1
8784	1
8786	1
8789	1
8791	1
8794	1
8795	1
8796	1
8797	1
8798	1
8800	1
8801	1
8802	1
8803	1
8804	1
8807	1
8808	1
8810	1
8814	1
8815	1
8816	1
8818	1
8820	1
8821	1
8824	1
8826	1
8828	1
8830	1
8839	1
8842	1
8844	1
8845	1
8846	1
8847	1
8849	1
8850	1
8851	1
8856	1
8857	1
8858	1
8859	1
8860	1
8863	1
8864	1
8865	1
8866	1
8869	1
8870	1
8874	1
8876	1
8878	1
8880	1
8882	1
8883	1
8885	1
8886	1
8888	1
8889	1
8890	1
8892	1
8893	1
8895	1
8896	1
8898	1
8899	1
8900	1
8901	1
8902	1
8903	1
8905	1
8906	1
8908	1
8909	1
8911	1
8912	1
8914	1
8915	1
8917	1
8919	1
8921	1
8922	1
8923	1
8924	1
8925	1
8929	1
8932	1
8934	1
8936	1
8938	1
8939	1
8941	1
8942	1
8945	1
8947	1
8951	1
8952	1
8955	1
8957	1
8958	1
8959	1
8961	1
8964	1
8965	1
8966	1
8967	1
8973	1
8976	1
8977	1
8979	1
8980	1
8983	1
8984	1
8985	1
8986	1
8987	1
8989	1
8991	1
8992	1
8996	1
8997	1
8999	1
9004	1
9007	1
9008	1
9009	1
9010	1
9011	1
9012	1
9013	1
9014	1
9016	1
9018	1
9019	1
9020	1
9021	1
9025	1
9028	1
9029	1
9030	1
9031	1
9032	1
9034	1
9038	1
9039	1
9044	1
9046	1
9047	1
9050	1
9054	1
9055	1
9056	1
9057	1
9060	1
9062	1
9063	1
9064	1
9065	1
9066	1
9067	1
9068	1
9069	1
9070	1
9071	1
9072	1
9073	1
9078	1
9079	1
9081	1
9082	1
9083	1
9084	1
9085	1
9087	1
9089	1
9090	1
9091	1
9094	1
9096	1
9097	1
9098	1
9100	1
9101	1
9105	1
9108	1
9110	1
9113	1
9114	1
9115	1
9117	1
9119	1
9121	1
9122	1
9124	1
9125	1
9127	1
9130	1
9134	1
9137	1
9138	1
9139	1
9140	1
9141	1
9142	1
9144	1
9145	1
9146	1
9147	1
9148	1
9150	1
9151	1
9152	1
9153	1
9154	1
9156	1
9157	1
9159	1
9160	1
9161	1
9162	1
9166	1
9169	1
9170	1
9171	1
9173	1
9174	1
9175	1
9176	1
9178	1
9180	1
9181	1
9182	1
9183	1
9185	1
9188	1
9190	1
9191	1
9192	1
9193	1
9198	1
9199	1
9202	1
9204	1
9209	1
9212	1
9213	1
9214	1
9215	1
9216	1
9218	1
9219	1
9220	1
9221	1
9223	1
9226	1
9227	1
9228	1
9230	1
9231	1
9232	1
9233	1
9234	1
9235	1
9239	1
9241	1
9243	1
9244	1
9248	1
9250	1
9251	1
9254	1
9255	1
9257	1
9267	1
9268	1
9270	1
9274	1
9275	1
9277	1
9279	1
9282	1
9283	1
9284	1
9285	1
9286	1
9288	1
9291	1
9292	1
9293	1
9295	1
9297	1
9298	1
9301	1
9304	1
9306	1
9308	1
9309	1
9311	1
9312	1
9315	1
9316	1
9318	1
9319	1
9320	1
9322	1
9323	1
9324	1
9326	1
9328	1
9329	1
9331	1
9332	1
9334	1
9335	1
9336	1
9338	1
9341	1
9343	1
9345	1
9346	1
9350	1
9352	1
9354	1
9355	1
9356	1
9357	1
9358	1
9359	1
9360	1
9366	1
9368	1
9369	1
9370	1
9371	1
9372	1
9373	1
9374	1
9375	1
9376	1
9378	1
9379	1
9380	1
9383	1
9384	1
9386	1
9387	1
9388	1
9391	1
9392	1
9393	1
9394	1
9396	1
9397	1
9399	1
9400	1
9401	1
9402	1
9403	1
9404	1
9407	1
9413	1
9415	1
9416	1
9419	1
9420	1
9421	1
9423	1
9425	1
9426	1
9428	1
9429	1
9430	1
9431	1
9432	1
9433	1
9435	1
9437	1
9438	1
9439	1
9440	1
9441	1
9446	1
9447	1
9448	1
9452	1
9453	1
9454	1
9455	1
9458	1
9459	1
9462	1
9463	1
9464	1
9465	1
9466	1
9467	1
9468	1
9470	1
9471	1
9473	1
9474	1
9475	1
9478	1
9479	1
9481	1
9488	1
9489	1
9490	1
9491	1
9492	1
9494	1
9497	1
9498	1
9499	1
9505	1
9506	1
9507	1
9509	1
9511	1
9512	1
9515	1
9516	1
9517	1
9518	1
9519	1
9522	1
9523	1
9526	1
9528	1
9529	1
9531	1
9533	1
9535	1
9537	1
9540	1
9542	1
9544	1
9545	1
9546	1
9551	1
9553	1
9554	1
9555	1
9557	1
9558	1
9559	1
9560	1
9561	1
9562	1
9563	1
9564	1
9565	1
9569	1
9574	1
9577	1
9578	1
9579	1
9581	1
9582	1
9584	1
9590	1
9593	1
9594	1
9595	1
9596	1
9600	1
9603	1
9605	1
9606	1
9607	1
9610	1
9612	1
9614	1
9615	1
9616	1
9617	1
9621	1
9623	1
9625	1
9629	1
9630	1
9632	1
9633	1
9635	1
9638	1
9641	1
9642	1
9644	1
9645	1
9646	1
9647	1
9648	1
9650	1
9651	1
9654	1
9657	1
9658	1
9659	1
9661	1
9662	1
9663	1
9665	1
9667	1
9670	1
9674	1
9675	1
9676	1
9678	1
9679	1
9680	1
9681	1
9682	1
9684	1
9686	1
9687	1
9688	1
9689	1
9690	1
9691	1
9692	1
9694	1
9696	1
9697	1
9698	1
9700	1
9708	1
9710	1
9711	1
9713	1
9716	1
9719	1
9720	1
9723	1
9724	1
9725	1
9726	1
9728	1
9729	1
9731	1
9732	1
9733	1
9735	1
9737	1
9739	1
9740	1
9741	1
9742	1
9743	1
9744	1
9747	1
9751	1
9752	1
9753	1
9754	1
9755	1
9756	1
9758	1
9761	1
9762	1
9763	1
9764	1
9766	1
9768	1
9769	1
9770	1
9771	1
9773	1
9774	1
9775	1
9777	1
9780	1
9782	1
9783	1
9784	1
9785	1
9786	1
9788	1
9789	1
9790	1
9791	1
9793	1
9794	1
9799	1
9800	1
9801	1
9802	1
9803	1
9804	1
9806	1
9807	1
9813	1
9814	1
9815	1
9816	1
9817	1
9818	1
9819	1
9821	1
9823	1
9824	1
9825	1
9828	1
9829	1
9830	1
9832	1
9834	1
9835	1
9836	1
9838	1
9839	1
9840	1
9841	1
9842	1
9845	1
9849	1
9850	1
9851	1
9854	1
9855	1
9858	1
9862	1
9863	1
9864	1
9865	1
9866	1
9867	1
9868	1
9870	1
9871	1
9872	1
9873	1
9875	1
9876	1
9877	1
9878	1
9883	1
9891	1
9892	1
9894	1
9895	1
9896	1
9898	1
9899	1
9900	1
9903	1
9904	1
9905	1
9908	1
9909	1
9910	1
9911	1
9912	1
9914	1
9915	1
9917	1
9920	1
9923	1
9927	1
9929	1
9930	1
9931	1
9933	1
9934	1
9936	1
9939	1
9944	1
9945	1
9946	1
9949	1
9950	1
9951	1
9952	1
9953	1
9954	1
9955	1
9956	1
9957	1
9958	1
9959	1
9960	1
9962	1
9963	1
9965	1
9966	1
9967	1
9969	1
9971	1
9972	1
9974	1
9977	1
9979	1
9984	1
9986	1
9987	1
9990	1
9994	1
9995	1
9997	1
